Tsat (K)	rho_liq (kg/m3)	rho_vap (kg/m3)
7.0	319.417327189	0.71255305966
7.0	319.412180676	0.779470676714
7.0	319.43681902	0.779304373103
8.0	309.513572972	1.74417251916
8.0	309.513572972	1.74417251916
8.0	309.498554816	1.86136750457
9.0	298.63411809	2.86681595222
9.0	298.3527259	2.75908750353
9.0	298.3527259	2.75908750353
10.0	285.068546083	3.81526592051
10.0	285.087554872	3.82122297148
10.0	284.313582648	4.30786190197
11.0	271.03073286	6.27406051377
11.0	271.369785671	5.50878444151
11.0	271.386774822	5.51876777304