Tsat (K)	rho_liq (kg/m3)	rho_vap (kg/m3)
7.0	307.102943333	0.581018345833
7.0	306.947843333	0.67151573
7.0	307.365521667	0.7121328
7.0	306.603075	0.575096194167
8.0	291.714223043	2.11462678913
8.0	292.30954913	2.01830355217
8.0	294.871783478	1.88693173043
8.0	294.564987391	1.89146927609
9.0	273.582758375	4.8545151325
9.0	274.243135875	4.64040812375
9.0	275.48527	5.15058451375
9.0	273.902180375	5.09438920125
9.5	265.19565348	7.4408988236
9.5	266.13116008	7.8054723116
9.5	265.97312824	7.8120006748
9.5	265.383119824	7.39341452007
10.0	254.906527719	9.94767288333
10.0	256.743504649	11.5646085877
10.0	257.849162719	12.9947954123
10.0	256.796987632	11.2736282895
10.5	244.508225473	15.2033063784
10.5	244.167790877	13.7751972807
10.5	244.684591149	14.9115533041
10.5	246.750613246	15.2633035351
11.0	234.140126538	20.4271693242
11.0	232.495318446	19.4267830743
11.0	235.538483132	20.8434445879
11.0	232.491836264	18.5399683516
11.5	220.879925139	26.7290995787
11.5	222.223953056	28.3072415926
11.5	220.273181759	27.8370128056
11.5	221.056633843	28.2342570556
12.0	202.078457	35.948125044
12.0	209.09563364	41.721658024
12.0	203.47856764	36.164935212
12.0	206.96942344	43.53607768
12.5	181.620799275	47.0877258886
12.5	180.581562876	47.9122997565
12.5	184.766391166	49.4770760415
12.5	182.685612383	53.043578487
