-15.92688804	15.49047372	1.899244776
15.79221351	-7.25728535	15.07304574
-3.024717041	4.8390067	7.5736209
7.829200865	7.631931975	-14.80608661
13.05896848	-8.40685528	14.57746535
5.908403486	4.293398763	-1.585358063
9.876959734	-13.6011947	-17.26222721
4.742588083	2.620285643	-11.5155139
-3.9283501	-14.97818982	-5.027191649
-7.238387865	-7.667731198	-6.792255463
14.59888365	14.85082732	-17.62960959
17.45482465	4.286385745	-9.331798196
13.72981868	2.173450688	-17.0731407
12.74781401	-9.827621843	-11.64904312
5.512816741	6.261720003	-14.4542776
9.664683238	18.28909693	16.61704841
-9.358295662	-12.19516479	-3.604727711
-13.26129292	15.16611557	16.00247562
12.65740189	2.749886704	-16.28318712
-11.04590586	-7.841874409	-15.71871288
-13.52385981	-14.32862832	-14.86939858
-10.90453848	12.77535855	-5.491955643
-16.01981443	9.19828161	1.195586248
7.915016813	7.871610146	12.20068167
-15.62429661	6.9812079	-5.229038782
-14.69556107	9.02868551	13.97970747
6.759641676	2.267179117	14.16317849
14.40733378	6.88540066	-13.92847673
-3.813986402	15.89667048	-8.925474859
-1.886436729	2.005488866	0.271040536
-1.284484456	1.068571162	3.72196204
18.35231968	15.15224938	14.79286123
4.139857743	8.687177375	-15.69380872
17.10064126	-11.706989	14.9497145
4.225558538	-17.98897772	4.491409337
-10.61858862	13.21772369	10.67912824
6.816875966	4.494599102	-15.84919379
-12.36675923	-4.994435133	7.822794121
-7.487295004	-0.967318206	11.48668543
-10.94496204	4.775820496	-16.67030017
6.777928078	10.02830615	-5.846001395
-14.23773197	-10.5628148	-7.203793574
-13.45720924	-2.126640384	-1.31E-02
-2.256913322	12.10562665	12.35312319
4.005459432	5.883326528	11.94229512
14.7156379	0.172305504	-15.43406197
11.28832768	3.597719858	-3.023310729
-4.457175209	-6.217925641	-7.053515862
2.979659899	9.21623141	-14.74980221
-12.43369772	-9.343981804	-10.19188047
5.865201343	-4.119865626	0.310195579
15.79660077	-16.22223917	0.5559913
-0.282555369	-6.66713514	0.554862091
-3.593124279	0.651542384	-13.71852725
-7.716285636	-7.703291132	-9.535585932
9.592099682	-0.44367147	-3.609408972
14.03142473	9.089646128	-6.372675447
-11.84834296	-6.742481562	17.9449578
-5.367433742	-8.373521087	3.95556889
-5.080548934	-4.342045785	12.92917412
3.893217929	-0.667470318	-5.647577692
-15.0450627	-2.556059487	-14.22598645
9.335781067	-4.443682407	-17.90691746
-13.67348638	-1.177599215	-10.50002308
-18.6939476	14.61884029	16.31672783
14.11133504	-16.12230059	5.362694197
13.64813298	1.272110034	13.36075178
-6.052716045	2.603837882	-5.928302143
-13.69225363	-13.29520067	8.624950954
-18.11582687	-4.763721282	5.644628024
-5.338388588	-3.905524038	-8.272151357
14.92634748	-8.845456721	-10.81226757
-16.80827068	-1.681913446	-13.53447917
14.40214923	2.359214904	-15.59118885
10.99154603	17.22677011	-10.41339797
3.260701448	16.44442615	-6.580003266
-2.403723062	6.30889522	0.896551292
-11.06434261	13.35716837	-17.91578513
18.57995164	-5.331794717	-3.770623859
6.258509692	-13.6491635	4.291775265
5.44590779	3.962146451	3.112395937
13.04930596	-7.534838662	-14.40029265
-4.216378842	14.9645563	1.014205376
-15.80125346	-13.46141994	-9.82469296
4.424563202	5.051762405	-14.03631454
-12.73648116	-17.38004082	9.679065053
10.89904942	-17.29345669	-12.48580807
14.55376869	-14.63836732	14.41998113
10.26119802	5.332403341	-12.05883402
11.27314918	4.054860672	-12.27968082
-12.96599391	-1.021935059	-8.399307442
-13.12099258	-11.60141548	-15.16659867
-14.70680231	14.70764165	-14.69084527
15.45631705	17.0616142	14.8542259
-11.89713968	-8.937126391	-14.90201146
-3.507438134	-17.14296893	-2.217231117
-1.880452968	6.657590254	7.710155584
13.4154018	17.2732438	8.004285014
12.76739173	-14.0527214	4.778092679
16.09237412	-5.236160082	18.30365925
-7.840196128	-18.38118773	9.638482394
-11.75340665	6.158928083	-14.0517858
7.949228553	11.3769459	-14.6896426
13.22894891	3.492406548	-15.02673366
-12.33745889	-7.20833887	9.007907107
1.522444526	0.400974336	-16.18839188
-1.990131788	-16.34492102	4.583947692
11.4838138	-4.469107495	7.486137864
-16.51159794	-4.190953331	-8.642347525
-9.12754818	-10.32521863	-2.017900729
-7.719177396	-13.16807449	-14.26419459
11.21975074	3.311430222	9.850241008
3.407091978	10.01148862	-9.036572136
-16.2144193	18.37014224	-11.66948169
2.050258604	-2.306920132	1.881944907
3.314059108	-0.367912514	4.126379108
-11.05097972	16.19899371	-14.6281065
9.583939959	6.911962825	8.465227676
9.699180248	5.957654055	-7.278743584
4.177026653	5.399068632	-0.557720518
-11.91961485	2.59489103	-10.5826969
16.56154992	-8.669254634	14.92263498
10.98825669	8.224586959	5.961965629
2.318643705	-12.59677852	17.83414463
-9.720225056	13.03287508	-18.592088
-1.949477608	0.987694122	-16.48518744
-18.53753032	11.15003488	-10.41035312
-12.50663558	18.47093601	9.762787817
1.602285558	-11.48567452	3.72292824
-18.20562346	12.779079	-15.22336206
15.56092266	-16.33995344	5.541950793
3.17382403	-5.860260341	17.71657452
-1.666209184	2.449977057	-2.714789715
2.62391193	-16.85636711	-14.67703623
-11.44280706	-10.78970634	3.930991964
-16.62541357	-11.78224758	-4.989660864
-14.25777157	-1.136395156	-9.210573903
-15.7519745	5.55925954	0.55644727
-3.053631254	-17.93146903	10.14567918
-2.680768059	-15.12998959	-6.681986859
4.393530505	-11.27330234	-15.89342733
8.961051013	-9.928444612	-5.464834945
-16.93994173	4.954990413	-12.02891777
-12.51423962	13.45008269	-17.68016564
6.611152485	-6.024270454	-7.982097621
-5.75399218	-8.746615903	-11.40217646
10.54449498	-1.706654602	-3.067739623
16.40259273	4.827154209	-10.36151487
16.57934508	-15.51007677	-12.99732219
7.160850315	-18.00432833	-2.801231427
8.128467971	-13.72400936	12.93895929
8.118895726	2.119492872	-13.55847865
-17.65463207	-11.13604802	-6.643348237
-13.07879133	-15.53020594	-8.393082655
12.03350619	17.94716802	14.61214035
17.49361281	-11.97159922	9.806618293
-2.02093334	-2.539911148	-5.795600086
16.68049243	-10.5944536	18.63435665
-4.503544882	5.407908142	-5.092731499
-8.74531504	-11.9519295	-5.141422431
-7.625985123	3.283014912	-8.256554706
17.6402549	-8.106950789	-10.79199817
-17.65871087	-15.03756144	-5.861928751
-13.20066926	-15.8715752	-14.69015752
-8.034352113	-16.98160691	-9.486168426
13.60420362	-9.575527174	7.537529666
-11.23859027	-7.585895122	16.71801801
10.39140127	-13.08934149	-14.74162884
5.840036599	1.955460271	-9.599192137
3.56577688	9.999526347	-16.08868665
13.48141289	-18.19299351	-5.07110883
13.03498129	-7.124628465	-7.334150334
15.16533448	3.847625764	-3.608494982
11.97940184	-7.980215422	-6.92401691
3.985082104	-1.663599384	-5.46E-02
16.26259536	-13.71842476	9.355232106
10.15925544	11.09856117	15.96636253
1.037541057	-18.43431086	-13.90932562
-10.9259142	17.86764355	7.353360385
-1.50440292	3.997006624	-9.237901819
1.960761351	-6.569026743	13.31124071
-16.65461087	17.01532985	0.307910042
-12.98419609	7.220619141	-1.494128362
-0.109977592	-14.49968918	9.281561275
-0.666152591	-3.021790565	0.263788107
-18.37234966	-3.034541281	-2.484216806
12.54383802	-15.19050618	13.49861838
-16.66432508	17.78744986	-4.410047679
-0.637507676	-2.847996333	-14.95519707
-3.56392814	14.90923186	-7.98838307
-9.960875522	-10.93639621	-17.3153349
-11.93073281	13.52000011	-12.84792648
-18.68345463	1.056303563	-16.3539145
14.3479151	9.139755077	-0.309645086
-8.911221405	10.4422365	14.99686893
18.23493211	2.107389009	-17.22303666
-16.67918755	15.27885501	15.68606884
16.74666968	17.56725334	9.433334144
-4.757814425	-4.831198058	17.33787486
8.883204253	14.52429192	9.709496923
-6.579095784	14.78961449	5.118673141
0.948143059	1.53026813	-15.62224008
-2.279756875	-8.898344545	8.516987756
-13.91623264	8.329963364	-5.866984785
6.903360419	6.744949424	6.765831285
-4.682451874	-9.693077947	18.37760838
-17.63533226	-3.190064059	5.847178422
13.35464116	-10.30171726	-13.07782187
13.31391667	9.380419009	-12.51613007
6.571455806	5.885471869	-13.23010923
14.54532996	-7.369149847	-7.228967645
-4.691175551	8.28730161	-17.51153419
-18.2046262	5.655089501	-11.81991476
6.929389172	-7.893122821	12.23114244
-0.396476095	2.386955911	-2.137628613
8.783652802	17.19807091	-8.785660775
17.7837819	4.487834826	-2.081595041
3.487518533	2.074361403	5.448827612
14.32981678	10.49060133	-12.54759937
2.625130984	4.714840522	18.1935298
-1.11686079	1.82082521	-5.577465179
17.8619284	-6.850543062	18.23572821
7.690490391	-8.943980238	17.14085518
-8.394570667	11.8043535	12.55870316
-7.672380739	-8.912540675	17.56470359
-10.2446164	17.25524099	-18.17981373
-11.15333853	13.44248113	-14.2372837
4.203196363	3.402271035	5.791750493
2.071549473	17.69958535	-13.79556711
-9.04579915	-9.249200225	17.0332134
-6.674005625	-0.74462292	6.431929721
13.4356174	10.29386011	0.151008975
16.65095316	-1.858658064	-10.17397423
10.07964391	17.17406694	17.50786267
4.449930523	-7.278364344	14.40320182
11.50442447	6.690285955	-1.935462756
13.24925882	-7.04177955	-0.418704242
-8.41986681	12.80852442	13.60209766
11.61303413	-2.539715565	12.43695918
0.824064522	1.05315412	-17.31872322
-18.46914682	-5.65467173	-11.30384635
7.144896988	-0.996049436	15.47820627
0.912845156	2.497250319	4.015646998
-16.5418763	-10.89078726	-17.99936752
17.45716627	-14.76239751	-15.33548881
-8.127362748	3.878144236	-6.93641662
0.489118444	5.526426901	16.96006067
-9.059565452	-11.65600641	-16.28146477
-2.420557465	-0.165862479	-17.11229685
15.94113697	-14.75277747	0.704665805
-4.830654274	-5.640503013	12.40767123
2.960988618	2.229310541	9.64744525
-10.47802735	9.076320362	17.58749686
-9.997607261	-5.815007199	-5.597470429
6.107136596	5.762236996	18.66392443
16.42631605	-11.17258571	-4.711493653
17.56967736	-13.4365178	8.973311758
-1.176849944	10.64316921	-11.57174137
16.60603579	9.757644303	13.22851171
14.15877274	-8.323914821	-13.51760063
0.2866271	8.800858916	0.347970989
-18.23862181	-7.087974059	-5.87628088
-15.1332474	-9.544339833	-7.873649435
18.02809124	-15.39938917	-14.01113107
-2.373011291	-2.397571898	7.946833167
-15.48374027	-0.736514369	13.17647756
-13.71047955	16.23066883	-13.51108694
-5.283904982	15.67747187	-12.8147122
-1.407878411	17.08220866	14.99117496
-15.59450654	-17.88790388	9.551557482
-9.613683089	-5.704321195	10.43652717
-13.93136717	8.020171709	-7.474646967
15.65601867	-6.576215446	-7.630926879
9.590866314	-11.08397716	-5.923730132
-1.934708256	7.878717524	-7.450706624
0.418523687	6.340624545	-14.85552519
-3.887945482	14.09627583	3.535042748
7.275158763	-11.2169924	-13.7128645
6.769947368	-5.214150988	-6.127425722
-3.569508008	-14.29914995	10.59666739
9.729825541	0.17032419	5.81950379
-18.38631554	-7.988629858	11.11865302
2.29E-02	8.393419192	-2.882407748
-10.55098743	-7.766541669	-14.15270818
0.62227319	12.54794607	-4.356562848
-8.179777459	-6.895279011	-11.2250501
-8.74537721	11.36286419	8.598649381
6.39697556	3.476709555	11.30080914
10.59288794	6.127753532	6.455415697
6.889770683	-9.24296156	-11.79958404
7.154084382	-5.579408501	-11.60779782
7.749694434	1.100593272	3.140312279
-3.449097003	-15.39667939	-9.223692816
-14.26370091	17.46745502	-6.279152787
3.974908323	-16.58298037	5.011485897
1.632902315	1.723272934	15.07379512
6.870296558	4.781512432	10.78146676
-8.776336088	18.05521254	-2.272830391
3.271669882	-11.38745374	12.55573581
5.575462664	-18.12467428	4.035900583
9.506649332	1.9631829	-12.80407847
18.66364819	-5.708797727	18.00249343
8.993228804	10.47685046	16.72246147
10.35211836	-11.67709751	-14.49135342
7.180488476	-8.864053956	11.02011635
-9.336403994	6.500722221	16.2008187
14.87206444	-17.41837652	0.644818874
-2.274433988	10.16489283	9.358292357
-11.37945737	9.230938859	18.67862914
-11.20431776	-1.169176599	-14.84963688
17.15119417	0.424109333	-10.34455034
-12.36893257	-3.417985374	8.24093478
7.739786623	-5.651762634	-0.977448527
-16.06853002	-5.568542421	-15.64233377
16.24260131	-6.668301858	0.76416259
18.48147427	-11.99431103	-1.044502666
7.529054107	-3.725729766	-5.986569984
13.6958198	3.169362254	4.418132688
10.14382481	-11.79113504	-2.556986531
-3.887246362	-10.10507145	17.32491713
7.116701659	-17.24824159	-8.742733089
-5.827296423	-4.05060925	16.37580384
4.619526806	11.63555933	-6.347034277
3.456903066	-6.359825842	-5.180057403
-7.485906523	-8.823385863	1.22458109
4.502684441	-1.413630006	-6.951181282
-4.886245426	18.06608004	-15.2685702
11.6673575	17.56529317	13.20784226
-6.496635295	-9.683069391	-10.48522113
-9.561609552	-11.09892267	-15.07990598
10.61134834	-6.93828913	5.312440066
-12.12306056	15.93761743	-15.88176646
-14.30089414	1.396401255	-1.892203465
7.448114304	9.307975431	12.73141403
-8.479860258	-1.555947546	5.556550453
10.13938639	-16.43019725	8.427854524
-9.820531829	5.22145823	9.510885779
16.35853468	-11.39558434	8.864591314
12.12798848	5.330800501	18.11571743
14.11157779	1.713063141	6.704505583
3.448363584	11.49615453	-15.42196914
9.002019017	-14.72339284	-17.12496952
-6.396415112	-9.450493742	6.920815854
4.725265079	-3.342267102	-18.07219609
9.626933663	8.148660152	7.820495685
6.508175437	-12.60266943	15.46576832
4.199831399	0.148855487	-6.781661581
2.37238979	-1.433671136	17.69521074
-10.852547	7.790344025	6.349863017
-1.876597364	6.492965802	15.42182747
-0.553466019	1.007098542	5.851726079
13.34075473	-16.51309577	13.0016074
12.89657319	5.344930303	0.34338464
-16.35995616	10.5996153	-6.431206885
1.451017398	8.164840285	-3.529119117
8.007496374	-17.57136682	11.59714012
-5.796984042	-10.75469408	-9.650816591
-16.85319899	-17.68739457	-12.20358303
3.721663061	-12.12704403	10.15345824
-14.57234828	17.85974172	14.61548264
-15.2001559	-9.301373048	4.397090009
-5.615890415	10.20801902	-15.8556993
14.82474232	-16.00829407	15.35873365
0.956480077	0.386343552	-3.961696214
-14.08473682	18.3710636	15.83182555
-0.35740631	-15.74084375	3.13950181
-8.440832356	-8.353605481	-6.92290255
-12.4504544	17.32408126	-16.22317434
-6.316129777	6.174323099	-1.990814045
-10.43573862	6.525510848	6.786237017
-1.783209942	3.191259367	-5.965467882
6.297349391	-10.61339933	-0.406260481
9.539622077	2.451811017	6.96970512
-7.230708674	-4.525596978	-17.31001133
-2.076108623	6.170216354	13.14716052
-5.929747441	5.698670446	-5.224315931
-8.03877278	16.85585797	-2.691027712
1.578258958	-17.74395871	12.77558183
5.734409735	6.264356536	7.336506676
-18.48934898	3.979965421	-14.60011771
-14.20389609	18.57831115	-11.4789114
-10.25415249	14.06873987	18.06753261
-12.37090074	-16.95245202	16.64841559
-5.375168912	-11.6030965	-16.46413502
-17.14185905	15.90563582	-0.614110446
6.472410538	7.253150983	12.12467404
-18.05747876	18.03152584	-4.85582266
1.497229308	15.45535147	8.333484343
6.541250159	-14.17294834	-12.61573792
2.860763968	-0.284399989	-11.64628242
-7.363346091	-5.456288924	-5.216605923
-11.66378586	-15.61728436	-15.12675464
2.541263624	7.893523745	-4.627350319
17.23849301	4.974394544	-0.656397872
5.427692204	-3.24409506	-1.008932345
8.31800291	11.23178354	15.77987199
6.905487204	2.630113687	-8.764990798
-14.3989197	6.475140734	0.877898861
-3.82E-02	4.243252947	16.68067604
17.81410481	5.693471048	-12.30424324
11.78041256	5.196282466	2.3233342
17.11402338	-11.2077591	10.90942791
-15.94809049	-0.177815788	0.968238444
7.911388068	-6.684294034	-12.03005558
-12.37883118	8.102771717	-2.608978563
-3.877617232	6.260257491	0.466394686
-3.247016011	14.22466517	2.073974112
12.01532716	-13.49834417	-4.473758159
4.810884916	14.70354002	-9.210678088
2.800769943	16.06969505	-5.053582164
-9.18445035	1.513097846	-15.70553488
11.1770616	-15.72687625	10.96072525
12.17095438	-5.169919672	10.17059493
-13.75979481	13.13901216	-6.349478895
-16.0604948	14.22228834	18.14469734
11.47186447	0.906483563	14.68907875
-3.268229304	-8.596675287	-10.44327802
10.12266533	-10.19319653	15.87419257
6.996785109	-17.39852869	12.67223503
-17.58400029	10.249504	-5.447391669
-0.393196711	-2.063843426	-17.46751641
-3.686485559	16.15514116	-17.63043242
-17.76563469	2.190232371	-4.57946289
-6.186243381	-17.35042639	6.04463935
-14.96863889	9.886714908	15.21510696
4.385138627	10.28492029	-10.35689279
16.95010852	8.927719462	-0.395711088
6.985399569	0.307362877	1.517728007
6.711017254	1.149311106	13.14735267
12.02999949	0.919099931	3.699420122
7.377218645	6.050797278	10.543734
-6.951055152	3.45481305	5.860526638
7.767037584	-0.941222706	16.81592824
11.44536991	-9.316845531	8.649495766
-18.53218291	5.215298932	-9.476084794
11.52635386	6.223524123	-11.73481512
-15.51830856	17.35730724	-12.68286477
-2.635280547	-5.381205609	15.5215087
1.553158155	11.40446986	-17.93276685
-9.030277377	-0.911252401	-0.775948536
12.12144712	4.032205243	1.59345792
7.53199055	5.267538965	9.38191337
9.161355737	4.781511638	-12.79895248
5.554850196	5.742992981	5.83405591
17.55111649	18.59641647	-1.728563242
16.36431451	4.441252375	-8.341672301
1.578849377	-11.28860539	17.79725693
-14.85276634	-2.12687517	10.35326549
7.451415119	10.19242461	16.72534426
-17.19391252	2.013960544	16.31756601
-9.233843673	-15.04589174	12.22060559
14.03199845	15.76415713	-13.06096995
-6.585984413	15.78266524	11.51318274
12.05493068	7.13436078	-10.83812106
-9.58490181	15.4738255	-7.277072722
-2.242663515	-0.145302077	14.33105333
1.808703606	5.879411604	18.12594278
3.246074343	-2.51E-02	17.57680424
5.026019063	-14.48978287	3.776313353
5.552836827	-15.15402838	-11.72806744
6.862512811	14.99323447	-4.362803777
-10.138201	-9.536046934	-17.55527255
-2.900607281	1.135150074	-17.56249548
18.5262913	-2.926196532	4.80423689
-10.55874502	-11.63410662	-16.02458503
-10.37816719	7.437782123	8.474722742
-13.97681689	9.04723074	15.96090077
17.54134285	1.655385775	-9.853759736
-18.4328581	17.70060527	6.827456028
4.618864172	0.63904228	-17.36333915
-4.367487554	6.959697808	-18.07854914
6.2046147	-11.67585271	-4.766598999
-15.60043008	-5.113013902	-14.14587579
1.273181852	-6.93402271	0.119836016
-14.69431295	12.43352681	18.03925334
12.36545955	1.425019165	2.439035899
-15.18927212	5.228987222	-0.865681088
-0.271178373	12.61300925	18.28553143
8.405895796	-17.07746695	-2.827288037
-14.79822548	-14.57201384	-9.81284422
8.869712873	-13.80602904	-11.87747475
-7.209885758	-11.62022235	-4.542463748
2.298787356	-13.49634084	10.84485009
11.65829427	15.80785716	-14.53833794
2.73421842	-0.973853306	2.926626869
-8.155116588	12.96739212	-14.7343628
6.059313355	16.33029618	3.934858333
1.71858526	-3.611278034	-6.642249283
14.4646033	-17.27862941	-5.57096231
1.500856551	4.242043239	16.88782745
-9.915520187	-9.630907561	-15.25267154
-15.45988415	-5.050456542	-8.370556141
-12.84496731	16.98018031	-14.52537313
-3.204872905	3.601194454	-6.236460682
17.97015048	-12.13055822	16.16018164
-12.97159384	0.511087427	17.94572516
-15.69292311	16.11843742	-4.913520163
-2.826030454	-15.09921811	4.208669183
-4.190271157	-9.75054573	-13.88309099
-8.258946349	-4.80064001	5.621655481
2.091049663	16.86180874	-7.448743319
-5.722242451	-4.692594014	-9.672465249
9.447412819	7.521163213	-14.60365533
-6.185281218	13.89170196	-0.857421268
7.064820524	10.36870205	-15.14980623
10.58787388	2.027334743	9.585137771
10.89146153	-11.62799788	-12.97226362
14.33094532	-6.242139494	-1.88051968
-7.578522559	-8.969749018	-18.45471257
-12.47316475	-9.48693852	-11.81246746
0.555198547	-3.289524282	-5.907370486
11.82364081	10.24873592	13.98965514
-15.42790746	15.10356844	-3.699068218
5.034534355	2.753822508	6.746252102
-1.931410157	2.203006395	4.202461072
-0.937723251	-2.935613382	-3.264907813
-17.77399183	-5.036428265	-8.451110723
-16.51898877	-14.19492347	16.70617236
-14.81489795	15.16084234	7.287981256
1.752534168	-8.037072259	-0.594806503
5.913596011	-6.451100481	-6.595125854
-8.715928993	16.36823442	-1.411859926
-9.827988402	-2.621632318	11.74049973
4.943840577	5.337923948	2.738217276
16.55982084	-8.408981335	-9.842618014
1.52950354	2.180805222	-17.91637143
-5.585904033	6.769352267	-6.045309835
6.18001583	-10.25844005	3.575343441
-5.7845616	16.83480872	12.43320209
6.75996713	4.917372643	5.951927503
11.48024081	17.39010037	17.48271865
-11.76953239	-18.61494106	8.081314676
-16.68623166	14.25400579	7.903966336
11.47029261	-9.26858283	-12.14963775
2.418052113	-12.00778049	-8.406269823
-3.4631103	10.36371799	8.32606212
2.701718237	-10.47906112	18.68630228
13.54028555	-14.10474159	5.951079786
12.96406132	-15.88269397	1.418178495
-7.894311116	3.3793801	-4.98229284
10.26488052	-14.98732542	-16.55217365
9.002953627	7.880007661	-13.07531787
-15.54153012	-11.54118855	-8.670782232
10.44308751	1.854724207	14.80670234
10.68347311	7.716820157	-2.390293549
-8.437102024	-6.825487481	-7.564137699
15.17139393	-9.390461689	-12.77296842
-13.6939864	11.01397724	10.54591647
13.85523586	13.54396058	-16.92704914
13.60846409	6.611916359	-12.80064062
11.78658733	-9.892133843	-17.41328289
8.009653369	-6.330435575	0.246588734
-5.411234766	17.19517435	5.425731327
4.145029527	-7.054080818	-1.441159596
-16.18777593	-15.51626159	-14.39858289
15.04857948	10.97789802	17.87863023
4.402035451	-6.298544316	-12.98756561
17.09554354	-8.946081394	13.66955236
-7.855625226	6.651614613	16.03784126
13.42901085	-16.92099499	14.61751178
16.47903426	-15.99293253	-4.235779739
12.40978714	-8.708089554	-17.04781462
17.770891	3.303970161	0.534956122
-13.78662014	-9.896827933	-2.105925991
8.54651835	14.28170786	-9.035641828
15.05148064	-16.26783355	-6.408627523
15.27706984	-13.83547286	15.32243538
9.246157705	7.52007575	9.901723063
-16.7135416	7.821295293	-4.534369028
-1.180810415	-11.29773008	13.46191476
2.317045488	11.95679664	6.132387051
15.06306625	-8.507102812	-9.198156334
-6.164166935	15.89189289	13.6413962
4.132196508	13.78070802	-11.48976111
-18.29607208	-12.55610515	-7.159420824
-10.15752154	-11.39734916	-18.67480345
5.311744169	-2.064845109	0.720633885
-13.76375776	-12.81048552	7.28017013
-10.80075575	7.037030627	16.2589773
-17.79670113	-3.572743755	14.48365797
-13.74359724	13.62413599	3.826209563
-17.14670412	7.073541909	-5.683428907
-17.15016613	-14.6867246	18.00495228
9.343237727	-14.07330528	-14.55477813
-1.652569089	11.088232	-2.320502423
-14.08680518	15.55123986	-8.856001281
7.626441592	2.746306789	13.04500928
-7.966908986	-10.6452868	-5.837598749
14.66210557	3.343672048	-17.80452093
-14.6363608	0.616750103	-0.579456101
-0.626536642	5.756107608	7.755468843
12.13091783	-6.304591815	-1.358894502
-15.10216562	-14.82777221	16.31534769
-17.29916565	7.834962262	-3.023273729
-8.041076358	-2.212733608	11.92447084
2.180711187	-6.04035375	15.88214042
12.6156577	9.71684805	-7.006154108
-6.66E-02	-4.356845725	-5.114121077
9.584709415	7.384014747	-11.61784215
-11.3764032	13.42857645	12.07568517
-13.36316734	-18.08414394	-18.45523067
4.353039967	-11.00052621	-11.86253477
15.17025219	9.330280208	12.53668989
-16.32361145	0.647610981	2.030163551
11.40148946	-14.11751457	-16.2091177
-5.243409947	13.33012027	4.058290181
11.42840532	-8.063527298	5.329506125
-5.57080446	-9.80032434	15.98137498
7.910823367	-13.81459636	-14.12215
4.185990131	7.65E-02	-14.74267897
-4.906421124	-10.37634827	-15.92121438
-6.098489459	2.242492735	5.435080772
-1.125016491	3.71391232	-2.501133798
12.12967838	18.64590591	-5.195845509
1.426313901	-3.52872631	11.83936896
10.20609287	18.04418361	-14.97276601
13.18013075	-7.462781278	-8.779388777
-16.2727604	11.06719602	-1.016394053
-18.4408046	-14.44260866	17.26862445
9.997164061	1.177458853	10.86318471
-11.99229809	11.63686531	-9.942231308
1.346934333	10.91086146	5.884709153
11.44894792	15.68100397	-4.277743777
-8.595677154	-7.010201847	15.63620484
9.918919693	-8.97054518	-6.026490633
-12.29051755	7.791679999	9.303958478
1.804621587	-8.375135413	0.797746794
-6.265614612	-8.427294885	7.984983811
-17.05029782	-9.321537723	-18.03039397
12.47372936	8.534809151	-14.86748817
10.67564218	-12.45559864	-3.806317573
-13.69761628	8.734852932	12.94465136
-16.62511385	1.529960439	-6.894739861
-17.52331608	3.622539592	-13.59490579
-12.88375401	12.59933279	-13.85668682
8.339538522	-7.028177139	-13.32259863
-10.98226119	12.63185405	-12.30739939
-4.313786765	9.517767581	-18.17169771
14.3769886	-8.015494781	13.55216525
6.687064912	6.022121485	-3.371980077
7.483662285	16.71113195	-8.744921448
-12.92368969	-16.15934885	9.030074978
-1.586960911	7.933925777	11.30178512
8.491807165	-6.733471045	-15.89725239
13.05614368	-6.669706531	18.30005486
17.46624839	-7.868906434	11.28907088
5.659338932	-0.221005313	-18.29041922
16.23371225	-9.605746743	-8.928271531
11.4285305	7.644921988	7.164120052
-9.599073275	13.28759784	-5.386226106
-11.33116371	0.442656746	-14.66529983
5.00E-02	-2.47263627	-4.35460403
7.850208053	-6.193916148	-6.695802298
-13.14271284	15.92909861	-7.737496759
-6.468979381	-1.189546663	7.895978881
-17.65212836	3.945637975	4.205699433
-6.160751662	-10.85770206	7.642793386
-11.63746221	-11.85993044	-17.17537009
-0.605246752	12.74749914	16.92700357
12.39686033	7.884980629	-1.311531341
-16.76817158	6.594372359	-7.041544958
14.34060506	-1.70070006	16.93687519
-7.846702638	-7.684608695	-4.470911379
-12.00939556	11.46031985	-13.82212394
4.538763907	-5.430553215	-5.99977233
15.66942243	2.441508282	-3.652735799
-4.729877377	-17.79283853	-3.097459499
16.22577916	-9.864035769	-11.62594211
-2.280232989	7.537114454	13.10523047
-7.546766012	17.01700066	11.65048471
-12.81788628	13.82513994	12.55848759
5.703879716	-9.968864513	13.51226695
-9.652970748	4.039074862	8.439366307
12.08012277	3.8239505	-10.38805238
6.830192959	-9.957990165	14.48636552
16.24619386	-17.18241576	-4.977194202
-3.634986845	-14.44018483	-2.569735923
-12.10605088	-17.90352726	-9.320719315
-17.75373816	3.031434024	-3.356075885
16.55201245	-17.48415984	9.914320774
-2.221215466	18.24541924	10.54736743
4.625195018	5.616129705	1.204462951
-4.609509238	-8.427061571	-8.536018817
-3.457134115	11.94891066	5.145045558
-0.498335796	4.164667093	-6.397068933
-12.33478324	7.775658919	13.12049202
3.827027034	14.92986191	-13.80814653
17.64000455	-5.17157974	-11.64385405
-9.860227092	-7.642983793	16.03544359
-5.617688059	-9.681670884	-13.70512607
17.55402136	-11.64792445	-18.53601629
5.234604868	0.894843251	-5.260009543
14.85012303	5.817395179	8.278741457
16.19072787	-11.13822113	-9.524921278
-14.41263696	-6.340935912	-18.31269026
-15.57836573	-18.46434059	14.24081427
-3.209706759	4.577412206	-7.286437491
17.89366181	15.10181894	17.33623681
-1.032870758	-16.53308145	-2.234286152
-14.79541223	-18.13670353	12.87619992
5.031831297	-13.1470448	4.900665128
13.51060698	-0.78125169	-16.20715815
11.77258673	7.260792053	-14.93434915
-4.767130709	-15.7884945	15.4369311
11.20374599	-2.906124611	10.86262052
-17.80158302	-8.885306743	16.24107853
4.531338568	-2.392835081	13.62972676
17.64588346	7.146704518	-11.80799455
16.05225887	-1.815673197	4.519640106
14.47001961	10.13632576	1.320538191
6.829599777	-8.654791189	-10.53862656
2.408238436	2.724189455	-4.142773057
11.49956416	8.251251619	-10.01457389
2.669783921	-10.08664939	12.50027546
-15.65230763	11.46829402	-7.525334131
-6.443810257	3.286338326	-7.411985049
-1.383751404	-2.018918849	-1.940759961
-16.38235592	2.575622326	-4.448453037
-7.033943765	-10.22171784	18.39949758
-9.192681409	-6.60992937	11.80328109
-11.94032384	-0.243973911	18.541172
17.60971919	-10.64581959	3.498045683
1.790689618	-3.606237439	6.604220409
-13.20189288	-18.53158058	16.850831
-7.049005643	-2.983297499	-17.74036725
-6.52867099	2.136588418	-4.625648553
-2.074253826	13.4067103	11.56756692
-2.301857091	-4.213485856	16.21291898
12.36554591	11.25735268	13.19994637
-12.97768511	17.56314617	15.37186012
12.69352583	17.72532098	9.437837374
6.296114355	-17.64464469	-4.115677453
-8.96411743	-10.16342077	-3.481793961
6.757736172	-4.386532801	-11.00434103
17.70312809	16.86983987	-8.683203458
-18.70403033	-15.84073124	-5.190697796
7.049760881	-6.735503819	13.44859362
-6.606981939	-16.07673805	5.055785099
-8.553495039	9.990267705	1.739832795
-14.92180568	5.003611786	-6.240910767
-5.882931612	-11.30331564	-13.78871057
-8.461385736	-6.307059592	-4.330485836
5.114058756	7.650904099	12.48286828
-16.77917672	16.67870258	1.857106713
17.06605658	-1.510705468	3.603186925
-2.165697689	-0.91913855	13.07280787
-11.14578104	-5.461922449	4.39104057
-1.022163569	6.649820102	12.16174785
-10.68103324	3.953595359	-6.152743503
2.51061369	9.373730678	-17.19109336
2.563541596	1.341291379	12.84746443
10.03342114	8.758108717	9.175960705
2.666473889	0.65712176	-12.65656527
16.44316955	-3.066299879	10.12936231
1.583806447	9.758847025	-16.17575176
-16.62314544	18.26265254	9.708851447
-6.438908566	16.33491127	4.828999954
-10.93873065	2.902550773	5.658283869
-18.31692432	11.50101265	-11.73579665
18.21575896	-15.76762117	-3.72332052
18.32845826	-3.882513832	15.28676221
-18.21369349	7.896195169	17.36733727
-11.45522434	1.929754511	6.676815192
2.082120317	-4.938794977	6.345844573
-10.05674729	7.194675605	-6.876947922
0.385397129	2.572777334	-3.286346722
7.417359392	12.59971132	7.289121198
10.34436842	4.759719698	-3.779208469
-9.280101053	2.95675667	-7.661475631
13.05680539	0.420472596	-8.708335273
6.064288262	17.74383959	-12.83626092
-4.929209222	7.419118274	-7.345905124
-8.161707704	17.55435055	9.725891983
0.452170129	-7.326762517	-12.87680676
12.32478649	2.843659514	5.221125996
-8.227815536	-9.759327957	-7.252412548
12.48209743	-8.815428676	9.627453062
-12.32264816	16.47355467	-5.631340482
-4.010683499	1.275470933	-14.92145243
-9.53948754	-5.420679267	5.921952477
1.915239095	1.200379034	7.467130184
1.830261908	-16.87377735	-13.44282478
-15.79067212	-10.71806687	9.862690597
2.392357633	-3.005745287	18.04955381
5.940880069	-2.328456291	11.24554028
16.53332697	16.68192019	15.73137296
2.643169272	-2.433956442	3.627713722
13.60671733	10.63299089	-6.454055004
0.153600153	-10.64572196	17.62099506
-16.31092673	-4.03432914	-15.68018947
-1.953784333	-3.296332337	-1.846929123
-12.96379564	-8.213361166	11.32786361
-15.95853321	7.702928466	-11.98916688
-12.46713251	-12.97101561	-17.73910939
15.0450003	-7.446268647	17.39015918
1.609680484	14.41505002	-14.49568266
12.69420663	-3.337702358	-12.63797723
-4.073746399	-16.24879746	-10.19310923
-15.05281879	-3.766138902	10.40499507
11.16873775	14.24733709	-4.723816899
-7.556647927	15.35455186	-3.088513395
8.74631839	16.00855466	-9.506065868
11.81186889	18.58613631	8.686663276
18.64026512	13.75567254	17.62210448
-13.6993196	6.464957752	-7.724227874
-4.390389642	-7.916156073	4.894748611
8.960459144	0.999941124	-3.804009113
1.113061888	8.308485128	-1.90049478
-8.470242968	1.13E-02	16.8591263
-18.22343022	4.881522108	3.330914989
9.588389786	-7.953270338	-13.34089977
5.431880662	2.290546431	-5.31004522
-1.563483407	15.61763816	15.21197532
15.16630316	-10.9762439	2.892744406
15.21514138	3.738428613	-15.0613959
-10.67952986	3.786625087	-3.722938087
3.075142067	-6.921165425	14.1576443
-5.622297936	14.3471035	0.679190934
-2.019352892	-1.38925658	-6.732604433
6.969632019	-7.888854541	-12.53463396
-13.3767927	1.662423669	-13.47965534
5.975711447	12.40766197	7.354973664
16.41546839	-7.504844952	-1.375085372
11.86409775	13.15480251	-9.009518716
-8.279976439	-7.200315217	12.66177204
11.95436316	1.444419845	1.100866421
-18.1329183	-1.335492422	-13.00503216
16.31829746	7.456382154	-11.46931145
-11.75901625	18.33342014	16.71982344
2.570100003	-4.765899145	18.3414559
-5.214217624	17.98357912	-13.82961147
-16.56747476	-4.40138467	12.33599643
4.33501737	6.636350623	-7.082690596
-7.997410763	7.432276304	-2.100386088
3.019310648	13.71896427	16.39888168
-6.538970943	-16.04654636	-15.94441439
-14.57860211	-2.056502242	-0.86640078
-4.310426607	2.075952346	-16.01754549
-2.000342699	-2.344567405	-0.699604918
12.75492867	-5.839281854	6.47E-02
14.76467601	17.34494768	3.617503005
-0.517884138	-16.46057561	1.91183993
-17.91708555	-8.021156074	-18.29989514
-18.50389439	-13.14651383	16.43169359
16.76310618	-18.4351428	-5.675046945
7.790687889	3.182261295	11.49734853
12.25128258	-7.092529166	6.028283659
2.873294634	17.88260445	-6.74650743
-16.78376024	17.45678794	-3.012063027
13.05712842	-8.161914051	-2.172268429
-13.98704458	-12.94794519	-14.06817632
-12.51084057	-5.586239043	4.825238936
13.29861073	1.15138609	-15.42458541
-12.21516415	10.12055981	-9.850066438
-8.946164919	-17.54772237	13.04328479
14.30767564	-9.301952012	14.13188144
-16.73113839	12.59769205	-7.411536672
15.40827144	-5.619366508	1.217183298
8.658475456	18.10086822	-3.909778382
9.250853139	14.8953754	8.402659984
3.150099759	-3.471379493	2.062328499
17.89110808	18.21893867	-10.74488088
14.08081818	10.07999573	2.738600996
0.695699932	-13.06314675	8.948367703
-12.6261204	-0.779802693	-15.28493169
13.3886017	10.61478954	-13.79962311
15.24921112	15.42634193	-16.46691218
6.007172639	11.04518614	6.859812127
16.41111358	10.8967878	-3.90455468
-11.00942589	4.365453122	9.182666614
-9.958848842	15.88423025	-13.8407994
11.77637758	-16.62671923	13.65380382
-8.93630962	14.83396051	17.52011601
2.185835015	-17.08453211	13.85765116
-3.601121093	10.58827815	18.38396886
4.847877052	-0.234273481	-4.44203185
-1.108671704	6.95E-02	12.24604015
4.00915808	-1.847452217	4.209150931
-1.322829021	7.649148416	14.48679975
11.8340773	6.268333786	5.715177326
-0.924848138	8.926224597	17.23765826
12.31714272	-9.249180161	5.216826708
9.269677578	8.276304179	11.66360798
-15.82702888	-12.50421689	17.31004097
-16.39031177	-0.932750537	-1.851344139
-12.26934992	16.1358038	14.92729959
12.03512787	16.55267037	8.787235443
12.42735378	-8.380340308	-3.59351065
-8.674707533	-3.963353793	13.84615513
-8.543056482	-12.10523741	2.390787048
8.166936842	2.726084572	-0.87525936
14.69355117	10.17064761	-11.11252668
-8.691809027	-6.72947893	6.306893405
-7.699151274	-5.857893005	12.77289606
-13.67327945	10.26325647	-9.832186615
5.647337305	12.60780844	-6.676843835
-7.623990663	14.17131325	-12.48257661
10.57325411	9.991723632	-8.348186039
13.10427943	4.958057779	-18.37629974
-7.673651714	-15.52089504	-8.987610299
4.222904336	17.35119158	-11.1784176
-3.447999236	6.263346233	12.38762208
3.753964785	10.91247349	-17.43504247
-16.46803778	6.233181778	-0.888375151
4.188264664	3.978435243	4.230345946
5.675469266	-16.48451474	3.865793986
3.13952887	-12.0205102	-15.16010485
6.674931951	-13.01002775	-4.086848084
-17.23451024	1.775271531	1.718337841
3.721556192	-12.03691807	-3.54937823
-9.418199091	7.481104373	6.314984478
-17.61616477	4.297659633	2.088833277
12.07350453	2.983493312	6.60730952
3.019987511	-8.088462523	13.1078653
-17.60269461	11.11358263	-12.89035942
-17.90047068	-6.653886792	-7.919461567
15.4256094	-16.27446468	7.000374262
-15.21017343	16.72097902	-13.99914578
13.03400096	12.26612906	-8.486066033
-17.86352862	-5.667269282	-6.292816312
-16.11752303	-12.30258646	-6.283995708
5.93313282	-13.26973439	-11.72439325
-10.65451401	-10.20217818	-1.318392379
4.536094033	8.797612388	11.50323307
7.353219357	8.549150672	7.630626832
-4.674253924	16.98697905	-18.48109045
-14.58811514	18.390695	-7.546817237
-9.578546332	-16.72591865	17.31560066
11.24576007	9.278291319	-15.32887951
-1.061065475	-14.62180315	-14.56373372
12.20517087	16.99291416	-11.42908794
8.727334168	4.542412885	8.541763457
-11.90604816	18.26422224	-14.19535902
-1.017358424	4.371093542	-4.961081934
-3.202435484	15.04653284	-18.57979358
11.85721436	6.108232199	12.73441525
-12.47883641	8.89102965	14.92240982
-12.03609788	7.911169415	11.6052161
9.321895802	-17.96504417	-1.470999597
-14.02060124	14.79842942	-7.62456727
1.445251606	-10.01370774	17.14450139
-14.30525434	-7.538787464	10.99731767
-7.503210925	-4.043620544	-1.890351363
-8.948025551	-17.29437782	-8.399429482
-16.71825823	14.81477816	-2.907370635
2.866965569	2.859269676	12.38335161
8.248856862	4.382359433	5.616870574
-2.00064164	18.54225154	15.5421185
8.924429138	5.946352539	-1.354791088
2.0090718	18.22333573	-8.485310783
-2.30E-02	3.116083213	14.25147518
-1.564306122	-17.32588668	10.4723716
17.76913049	-11.65129446	-4.986705445
15.98723117	11.19843897	-2.43110333
9.401107856	-6.798944968	-10.53640208
11.65789177	3.950588217	14.40759023
11.58683239	-16.08989007	12.26983466
17.29860127	-14.1768174	10.37888244
-16.46843205	-11.45178943	-9.799662529
-16.47560283	12.36841846	-5.809388441
-15.90719224	1.439441225	3.085680759
10.15350368	18.45794304	-4.616676128
8.711167152	-16.84678024	16.88028464
5.359399082	-3.530145444	11.64871687
3.469219224	-14.56708007	0.718598614
-12.53900554	-6.599619691	3.84371954
17.05619193	-9.746802577	-7.730234186
-5.761288149	2.039769334	-7.696259041
2.84010321	15.20398323	16.21842576
8.287415023	-7.537883756	14.03571265
1.429666227	8.689151553	-17.84815099
1.776058279	9.064969079	0.243587731
-1.241126554	-18.20900765	11.51876501
6.369626946	-16.94857699	-10.06517699
4.746014526	7.929379094	-14.7015756
15.5438189	-15.30069651	-7.279418444
18.66088388	11.12113658	11.54464545
-2.695967527	8.711543273	10.60011119
0.952843032	10.76743851	1.09289665
13.56826748	7.276471426	-1.72631983
-13.87612163	-11.99154655	-7.461349974
2.022102801	18.41830732	6.327690359
-0.170205358	2.625969862	12.78117023
14.71043999	1.714405589	-2.94099358
-10.09961724	17.46750826	-2.632174055
14.76531488	11.2881783	2.104752064
16.58334518	0.301333674	-9.025373983
14.90950785	-14.04454175	9.109574174
-7.83178303	-5.447951899	-13.85087132
12.39547563	16.75671683	-4.528938964
0.865641812	17.85332008	7.308083046
-15.7635066	17.70207003	1.23308268
17.0079292	3.802893096	1.924918234
4.367632874	-7.602373064	12.99639861
6.639373779	-14.17999316	-14.58798973
-13.5619069	8.822870404	-8.541881918
2.759300192	15.68931441	17.66905024
-17.32970169	7.069806296	16.40631968
1.63402161	-13.32469154	-4.204298732
-15.24441204	-13.04358367	16.15914089
12.22252746	-15.90064741	2.608662652
-4.704273213	-8.241441958	18.35378315
2.19984059	1.899688203	4.974556976
-8.237748434	0.179983072	7.975278942
15.46001496	-0.85535517	-8.795835893
0.204527822	-2.723963085	-16.12441094
-18.35024986	-10.01925065	6.515629302
2.389189116	-6.256083304	10.49836608
-10.48634612	-8.352252841	-12.69543925
16.16842572	-5.972235104	5.74022356
-3.112465635	-8.33280138	5.476041326
-3.046539507	9.00714316	11.97484362
-14.27291486	-12.74421206	12.47741392
15.75512614	-11.95278074	14.08001641
7.392473278	14.27964426	10.00075033
3.446283764	-4.01166351	3.360555322
-8.998019434	-8.708955419	-5.428469119
9.482450557	-11.69256937	6.102890025
10.85722453	-15.23368758	-18.02502674
-16.49895447	5.813383982	16.83936813
-4.414413886	1.58845312	16.18297422
-5.931567113	-2.204742212	17.32442702
-17.53757607	-8.8694159	6.036030558
-9.556201082	18.09225869	7.170185518
-15.24426209	-10.38898185	-1.531197287
0.769134423	-2.430312819	2.428262213
-6.484675544	-8.170192457	-17.65180233
7.43646591	-16.03850793	13.32561198
-8.28661756	-7.434491654	-0.43838202
-8.433837394	-4.138546651	-13.3962043
10.96119616	9.631108109	-10.13379134
-13.95718346	14.09062468	6.687145141
0.479858917	-8.533214749	-0.839295905
10.59643694	8.814045827	11.95110984
2.878356427	-18.28493841	12.57537401
-17.93810376	-5.865098731	-2.725429056
13.16705507	9.145987413	-8.445734707
8.110331603	-4.039457643	12.64019035
3.713053933	11.78693558	-5.162920274
7.999958787	-11.09157175	-4.786157074
2.413855198	0.578873503	3.584872457
0.386902242	-7.173938907	-1.158711907
-10.50805899	-5.477888046	-16.16874042
-13.824415	-15.16141397	11.14113676
-8.14775872	13.09936144	-5.076144727
-11.56407147	-4.921426173	-17.08684475
-2.5189696	2.696241246	11.43820335
16.24676904	8.396771906	-10.2670085
-15.53138604	-11.27159489	-16.89297734
12.58337974	-3.410383882	11.78742957
-14.57674965	-7.975207501	15.84555299
12.20871962	7.464684739	8.416718956
1.996056476	-7.123971316	9.129828541
14.84971013	-16.79535383	1.89199919
-14.89882864	-4.464959584	7.160098356
-10.9441093	-6.395518936	2.095272318
-11.67780296	13.46706903	13.71574131
7.256842403	6.575076483	-10.49715405
-16.0631632	-4.250571204	-12.7417644
7.614358619	1.812750833	-3.601397529
0.814962087	14.11069953	7.592252061
0.805318648	12.20038496	6.628138079
2.852996139	12.85971408	-16.23518967
17.98963723	14.2744477	7.207349861
3.163409199	4.004056287	-10.58568812
-9.820622889	-8.120353894	-6.764463156
-7.53231092	-14.32324546	-15.30271773
16.03527434	14.37710937	-17.35103882
8.164374556	12.16424015	-13.4101432
-8.889377017	15.57411581	7.471891476
17.13872893	9.621266487	-3.510685622
17.56897391	13.77582157	15.71994893
-16.77118789	-0.153825936	17.01679597
17.86565659	-17.59466864	-10.84235743
-17.10935271	-10.14071597	16.61598294
-8.620502344	5.60432786	-15.7470748
15.43614418	-0.569749375	4.145889363
5.292821412	5.444633778	-3.148974286
14.83954281	7.836125393	-1.190978183
0.35335798	6.220114065	12.59036486
-9.955992765	-0.244084003	11.5454477
2.235748605	17.8449301	12.43934875
-18.05270172	8.238535967	7.726746268
-8.071331223	-12.96479442	-9.133353079
18.66701254	-8.948207671	13.12568775
-1.761903753	-2.485567538	-7.691860906
1.057354441	-8.163997834	8.984820492
-4.556644935	-4.969637603	2.665662063
-11.12557763	-18.67887239	-8.706839624
-8.530480001	15.33921585	-0.175786315
12.46001755	12.60521292	12.65366098
-7.92616853	-10.37351417	-1.185913948
-13.3223436	11.34577567	-8.975980699
8.453362113	-8.598798749	11.67177534
-13.07480364	7.137251167	-3.324642217
-16.55384493	-6.801881852	-8.254392455
-10.15151171	-16.09479731	-15.6012827
-9.790011552	-2.47210883	10.15438888
-18.10152095	-6.63707052	16.77490471
5.107353277	-4.664179869	-10.97192449
6.899282454	-8.777901244	13.74655919
-6.332121983	-15.28891133	13.03304571
-17.36406514	15.08100084	18.07333582
-13.42282086	-14.0705919	13.08595151
11.46543988	8.558442147	-16.71737475
4.475941372	3.983187453	-15.04399727
-17.18141766	8.701008185	-18.61680679
5.427352604	14.97371564	-3.533467602
13.95545574	8.740332158	-11.25023822
-15.10710558	16.42418285	-9.193195377
-0.281239186	6.604314358	17.90467403
1.296559993	-8.929177896	18.04445706
12.60689665	16.38933666	14.44285613
-5.789012914	-7.363663935	-8.776155496
-17.11480527	11.99185119	-15.69000445
7.445573579	9.682441952	15.2567225
15.77199808	-14.51046037	-6.091598286
-12.57500785	17.99082681	-17.94806493
2.581257929	-10.7416139	15.14672589
7.502645861	14.61689739	-8.065035203
-16.85506498	15.90584537	4.37340183
-6.265682908	-8.64335432	-16.20508555
7.367698467	5.754223795	-1.939281195
2.869592845	0.316539056	-5.178416675
2.508563333	0.248016965	11.61798315
-15.97525769	-8.01834323	16.03289589
12.05207323	12.96411794	-15.31053786
6.226871889	-8.259637096	0.337448655
-12.16725018	3.37585369	6.308310575
-4.468664127	5.069227854	2.88E-02
-2.162343366	18.52960391	-6.4891679
-10.59295413	-10.0419917	-4.77518425
14.65923244	0.513482743	12.48135238
-1.447422932	9.057664929	8.711143213
-11.71625576	1.983620006	2.085306017
12.04606349	7.837172919	-3.23923237
-7.688835086	-11.03874764	6.950969257
-10.26150744	-0.211388062	-2.95E-02
8.311786957	11.46309525	12.09885142
10.62746213	2.881493743	11.11429955
0.600699102	7.739377184	-14.60493267
8.375450516	-11.76766429	2.020764802
6.215183232	0.523649777	14.48122003
5.900683764	15.85786438	-9.211022605
-7.864040048	-15.75861248	-15.017256
-15.04405574	15.97895719	-15.27725807
3.142154301	-12.78085392	12.68106852
-17.05970331	-7.867877738	-7.34015826
-15.42363043	-10.99140291	-5.203021636
-4.940235684	-8.8005339	17.03782853
2.92598048	-11.82489518	4.318615494
17.1960291	-5.251611633	14.02428445
4.937713922	-10.9313646	-4.311308377
-13.47203428	9.935593109	-0.692815602
8.679915305	15.18905963	7.100917066
1.267860393	9.788441695	14.13855979
-9.657368656	12.47783809	-14.46800553
18.24161361	-18.22843084	-0.596531041
6.461640419	2.717635961	-3.544488296
-15.47821936	-1.720539899	-9.534712596
0.633858147	-3.543867681	-15.04477862
13.02646369	4.407269686	3.925326994
1.136574134	18.06393459	-9.896295349
0.106074684	-18.69959363	-10.88756416
-0.332537209	0.68281578	-3.187655202
-12.55928534	12.50891081	13.17049972
-9.957725956	-17.61428687	1.156139544
-12.419886	12.17960322	-15.24088319
8.699931114	-14.93678671	12.28210657
6.861894836	4.337656881	2.436046272
12.69234414	13.31057669	-10.25540848
16.41553578	16.94549266	-9.556608883
16.76723556	8.310040628	1.125947261
18.60015531	16.30027851	-7.70162981
-8.516864697	-17.04542667	-15.1209957
-14.06179054	-17.91080882	15.00890769
-17.01969559	9.654369002	-1.02795408
-7.813921706	-11.76432491	-14.10698119
-15.34712259	5.534034539	17.80573825
-7.351977674	2.01344548	-7.698889364
-10.57131511	4.362171479	5.453890578
17.86207984	3.666920305	13.20704091
13.48863626	-8.516282124	-11.05144834
-1.104663633	12.07812672	15.68479649
-0.205319494	7.744884403	-1.524526261
-17.69462821	-13.08641477	17.66302326
-7.901185031	-11.47341328	-17.23205074
4.453780458	-4.136310275	-12.36729686
-6.975185285	-5.432007737	-9.956448528
2.914000065	4.709662804	4.907787044
11.96239471	15.00131477	-7.361510064
-12.57537272	-4.077341582	4.365122806
6.890264071	2.910374758	-16.34510325
-9.592081011	-15.50828936	10.96727555
-8.878514791	9.259367892	0.404347347
13.87126059	-0.577533127	-14.36453516
-5.258235306	-18.22049339	5.001921052
12.47053785	-12.43326479	-5.375490555
-11.76256783	-9.898178216	0.955158035
-11.92812074	14.70490128	-14.89660987
4.814092755	-11.62503522	11.84022744
-14.88316127	13.06369502	6.54823286
-13.9000284	13.59670597	-14.43038994
-4.826668295	16.45985527	-14.18699353
17.15174801	-13.50350781	11.74343957
14.33581899	11.86694617	3.288613849
1.622199282	-7.7945885	-12.23167287
8.687190792	17.04319628	17.99121951
17.26479823	17.75308035	-6.540379286
-6.214740951	10.42789708	10.51359018
-1.417774887	18.08557817	3.736868681
10.75634876	16.64844549	9.344050098
-1.354420179	6.743876841	-8.423610651
12.91454299	-9.926935403	14.67540135
-4.754405671	-4.051388023	14.2813891
-9.083839658	-14.80517087	8.930284491
4.39E-02	14.04709319	16.91260977
-13.26776964	-2.231689932	-1.472959688
11.21696359	-11.50750481	-5.63696392
16.74607953	-18.44439322	-0.616136288
-9.472260824	4.81236584	3.011536163
-6.396823095	15.70808042	-3.964472615
-17.20171998	10.70460787	11.56616526
-15.28182267	-11.39270651	-0.480660509
-4.002139003	-14.67331516	2.022722322
-14.08484937	-3.881909858	-10.49555665
-13.44593788	-4.949655225	-12.84419859
14.01960645	18.36413545	8.689739948
18.4780243	-11.25924333	14.80642899
1.288767198	-4.493492787	-4.84748169
14.35581177	-17.24142762	11.92134219
-7.249414658	-1.683367555	4.869039556
11.38477857	10.24193759	16.52343145
14.60236125	-1.384715414	-17.07915359
5.889146988	-11.9300189	-8.640221845
-13.27152997	10.15626311	16.38805443
-9.280769625	-13.35112764	-4.748267403
-7.981675271	-9.775829863	-4.376157466
12.41815691	-11.41881253	-13.06423037
9.935352145	10.65500214	-6.97423574
17.89857742	-12.87442927	-17.88588319
-18.05422356	3.708991291	13.95507979
-11.81826238	-0.23198556	7.09E-02
-2.499890099	-16.95421656	-0.87593187
1.238713757	2.742453194	5.865785043
2.431800267	15.19643254	2.478329375
-6.142270124	3.090084084	4.294065339
-7.263129935	-8.639349225	-3.482386285
-8.996592752	16.30838701	9.800617102
-3.171409808	-1.39732716	-5.591725547
-3.698714415	-16.91988591	17.71322654
-12.56072582	-17.73547979	-13.5678797
-9.278328444	16.6951002	6.493869617
-17.99530058	12.93991261	-8.010132347
-3.58404769	10.91545013	6.209783909
-14.34671518	-7.619510172	-5.554370696
-18.46648654	12.4646989	-9.969832899
-14.98363327	-1.127463812	1.942763239
-18.19018293	-6.897324822	-12.28522785
-6.470358799	3.864001585	-16.41102125
-0.656969557	9.802096271	15.89476264
18.22986534	-17.20494192	-3.783257892
2.774696021	0.2998207	-15.09610291
2.314049412	-9.546013994	14.41661619
7.200010659	-17.3853104	-11.22189905
-2.018663989	-1.970519839	-17.45525753
9.596274262	4.31058915	16.53642536
-17.87164806	11.41769262	-6.487070188
-17.30168915	-16.45724306	-4.811831196
-8.595080679	13.98152879	-0.656390214
-14.00444231	-17.19360799	8.845381093
8.528795539	-16.4570029	4.131727038
-12.37236733	4.01E-02	-1.272639709
-11.03209694	7.410102936	-4.350998231
-17.60224029	15.46678596	-7.367944625
-2.840554825	1.920277399	-15.75786052
-11.14375441	-8.032423203	18.52956989
11.6641306	10.87710199	-8.444490941
-13.09194908	-15.43531403	12.96783757
-1.38277429	13.0914426	-9.591357468
12.9209865	9.490608755	16.61559705
15.10530956	-7.580591226	12.36864999
18.17312312	-0.502429573	-10.51916923
-17.18696345	14.89489894	-4.256085123
6.507162144	-9.239775856	-5.156520026
-14.5515942	-7.645366901	-1.660109006
-2.501097705	-1.290058707	-8.214423811
-17.05182701	-0.202046948	12.80064202
-1.402726758	2.85439333	9.31175844
-4.506479526	-11.75479471	-9.629278626
13.89861198	-13.3738733	10.09798389
-5.54804528	-15.75649136	3.354704183
-15.06569331	8.691077664	2.248697079
-1.371261021	-18.34828349	-5.353917637
-7.543329897	-3.741862755	12.00321531
11.70944905	3.894969602	3.937440449
-3.498087257	8.647342896	-11.96345105
10.89514629	-7.05114148	-1.208768033
4.668105316	1.697626631	4.398363614
-9.657822469	0.430997323	10.35957242
-5.876637856	-16.56889306	12.73309713
9.0342384	-12.04801932	-7.115551242
-1.209510763	4.938208042	-3.607128451
-18.32597067	-5.974791685	6.599043486
0.719383511	-16.8212195	3.379648914
17.850483	8.446812656	-1.757308117
14.26935124	16.35274451	-11.67874688
-15.42097428	-1.575941618	0.575796205
5.471934904	-0.619719267	-7.581912569
-6.526103746	13.64829768	-13.37584203
9.253672899	13.06471693	9.635079286
2.944905741	15.49665076	8.442802765
-17.58806353	-11.24651403	2.820670166
7.71567974	11.99880411	14.71043196
4.601540571	-11.3118077	-13.21503018
6.415829344	6.279988146	-11.85053635
-16.05404613	11.41727704	-3.004044771
-7.454837396	-6.766875006	-13.46846349
17.7541837	-13.24265445	-0.491025381
-9.80727984	-9.44530668	-12.01026745
-7.322115495	5.957999185	-5.859305218
-12.62169779	-15.9610518	17.75109799
5.691954754	-1.422409615	-5.837084493
-7.663859945	-4.324179262	-4.324541703
-10.56256732	14.11224921	9.334630232
-12.03601598	17.42339445	10.86725415
17.57907377	1.99E-02	-15.87417986
14.41857977	17.51780183	9.941033137
-12.34666207	-7.624096051	6.712152355
17.1721453	8.13877835	-4.296173548
-13.84668991	-8.857033052	-7.896386279
4.376972894	5.708705986	7.935448173
-6.752581501	9.996849436	9.226847704
14.91357318	-16.08746106	-0.601737034
1.108204197	-7.532086211	-14.12501039
10.01235301	-6.796123975	6.561493528
-16.36885452	15.66099773	-16.16450112
-7.67155478	-4.839112015	3.738821619
-16.73100815	3.767469227	14.70902627
-11.32030469	-0.802635088	-8.621255766
-17.56892104	-17.32403034	-8.016555873
-7.220531794	-11.92878502	-9.913919884
5.146629155	-18.09530363	-4.78204181
17.64319313	-2.865650414	5.945514757
15.97023851	16.7114687	-16.37002652
17.53372771	5.063538069	0.722023932
14.70550673	-5.222962064	18.26932144
10.58690177	5.002742031	17.20883023
-16.47364054	-12.23871015	0.306012075
15.81277707	-10.81650765	10.46157925
-17.28825607	-18.50323696	-3.686085058
16.22707248	-10.54805213	-14.85587069
-10.99218393	4.896177413	-2.872795714
-0.368519206	4.307375467	13.53210793
-15.81365922	-18.17757326	-16.13966928
-18.55062251	9.294843042	-5.145297478
4.243150867	12.45937175	3.909874245
-12.38675108	-0.627349977	-13.91736715
17.10197521	-7.162105249	-17.80264766
-10.44898387	1.202500316	-0.377713591
-16.66267393	14.00962218	-7.136526826
15.21845805	12.94573176	-16.96544982
-11.53514316	7.908093189	-1.510677438
-3.018810329	6.827749907	14.29198521
6.259983735	-16.60102071	-3.002628886
14.00823021	-4.924446534	0.694206114
-5.991710787	17.11973793	18.39667404
-11.05520889	-9.610248332	-6.246948776
11.47583795	15.52442837	15.03874678
5.653653944	-12.49492328	-9.953767938
9.638405477	-10.78180932	-12.78865912
13.2126366	-5.100138283	9.135181461
5.075876613	-8.820630173	-0.242483751
-1.652457189	3.862475349	-7.816875583
2.687863363	-3.49415763	11.26239807
14.00257163	18.43163466	-6.411981414
16.74107901	-0.249219886	-11.49427945
-5.509988562	1.929309723	1.341678217
5.55556335	-7.197735551	-0.938870222
2.507400906	-4.018177538	-4.358693224
4.658960158	-12.24486278	-14.85260697
18.3109262	0.656543224	-0.759338002
10.11690159	1.169090743	17.75990541
16.0979798	-3.874728558	-0.255092554
13.35088814	-2.745824875	16.73072295
-1.497200723	17.62666507	0.212361766
11.61121549	5.557168616	-0.232475399
4.296525455	1.315559299	-11.14639967
11.29722678	-18.49382446	7.221081176
-8.422022397	-12.72085297	-6.54222179
8.661507817	-5.67286857	-17.64760069
16.69197058	5.919168613	1.48342481
-1.710882219	10.85777907	-7.339897906
13.53765275	11.51477079	17.82467879
-3.429001114	17.97716766	-15.59211464
-16.9564684	-2.846544428	-8.459739512
16.71269201	-15.90245073	7.93075445
17.16678085	-16.17325233	9.890669909
-2.177182697	4.27E-02	-15.46884823
10.74817961	18.68595715	-1.088031903
-10.4687341	12.10996004	7.04934938
-1.723282589	0.124558444	-3.4321339
-16.10707476	3.870370144	-4.044099801
-15.34767098	-9.844583245	-4.351550227
3.653673997	-10.07683659	17.66079893
-8.957669773	4.771126738	10.5640029
10.49080915	0.596166744	-3.907044474
-1.62302577	10.33261277	7.708777305
-14.88801012	-13.22367781	6.164573052
-1.126931988	-18.27859967	-11.46976142
10.95573055	-8.218536558	14.30217919
-0.839136605	9.226810576	-0.549657779
10.09421455	3.052122742	15.95931072
12.02144841	-0.780938526	-16.45680085
11.44977661	8.541537509	9.939042865
2.145199541	-13.4795328	-18.3988249
-16.14591673	1.386552106	17.17798437
8.138192501	8.234964552	9.092248628
17.43809343	-7.875556741	-0.248553849
-15.98276843	-14.60875508	15.23981913
14.15364192	17.49956123	15.20781337
-11.13653376	-17.3814165	-7.94799087
14.07419312	16.18435239	4.495075418
14.45630256	-1.118412145	-13.23331241
9.910810879	-8.479844772	5.308800918
17.88737547	-13.4960272	18.04439172
-18.51152687	7.236757099	-14.59790023
-12.89538181	-16.89659437	12.58553231
-4.112772354	-6.014462358	-8.455963743
-1.945750183	-11.877005	-3.395933135
1.943020278	3.612004352	-17.98850059
-10.60292439	3.422083773	-17.10710184
14.93801269	-7.039937229	-9.119848848
-2.499783117	15.98709836	14.10205241
11.94897359	-11.92676644	6.811251275
1.203950616	-8.830886187	-13.40839323
2.167972121	15.11596872	-13.40432971
-9.703283445	-14.77363086	-15.44119935
-17.25943124	11.93728057	-4.416747707
-3.121606232	14.26006187	0.385370702
2.451134946	7.070551647	18.4164164
3.977271481	2.635361005	-3.979071653
1.779901619	0.150914998	14.61125604
15.63960584	-0.702953168	-12.63072881
4.840723884	-7.273919248	-7.016004911
3.674126071	-17.91472394	5.777946693
9.394656539	16.59682624	-15.07307654
10.1370267	7.921009031	-3.710565812
5.313460222	-9.429531099	-1.508801046
-14.96853416	8.598338683	8.165846057
10.14631863	-7.876708999	-11.7743694
6.213492298	-10.05389602	-10.72333544
6.839829848	-11.60615614	0.506010822
-2.674824412	-2.265288968	-9.361064531
-18.34060392	6.241742063	-8.499080777
17.10602764	-7.868271652	-16.26813831
12.1881949	-14.44770678	-3.351333945
-7.082392276	8.141639554	-9.978721327
8.741819717	7.669088126	-10.20164175
13.32580147	-9.165001922	-1.16550015
17.53758506	14.71933154	-17.27800999
1.600903728	-7.64E-02	-17.87807786
-5.636783061	10.23076459	-17.45047845
3.94686876	18.15485768	5.550628723
-10.34271275	10.0614496	15.22686001
5.071372263	2.061076706	-17.76747255
14.45298748	-6.682146701	14.75454941
-5.998339996	6.862652823	-0.772939876
-6.704804489	3.977633209	13.13231906
-13.73998659	-13.90250349	-13.05553738
-0.543316216	10.06807275	-7.093453567
1.008426131	13.64502663	11.01363081
-13.07942977	-17.15321173	7.507918961
1.887440245	-7.060439454	1.538066643
-7.565701627	16.69769343	-18.41344259
-9.223872856	-11.45248528	6.22666081
-15.4106985	14.76982975	8.670930706
-11.13001145	0.709430168	-9.320698041
5.871652988	-3.221953733	12.9996657
-1.265140165	-14.42464449	-6.837721612
17.53056195	-13.95958984	-4.663316247
-0.874179186	-18.18869554	0.259235578
-3.612973669	-2.902980377	7.143350362
-9.950441743	-11.22463484	7.420627628
8.195519473	5.581685165	-10.91163019
11.5428822	2.577451127	-15.23981444
18.65108756	-7.860318496	15.88896102
2.634126702	2.421291337	6.53562206
-6.02052591	-18.55292879	-14.8657763
-12.13804792	-16.33959148	-9.040643433
-12.18657533	-8.622010834	17.11924992
-5.459620639	16.48794071	17.23820541
-15.22686147	-10.43393783	0.598900823
-4.184461541	-11.04704879	-2.221179671
14.67037928	-18.49886104	4.155522424
-10.25924541	16.35439063	-4.475679831
13.2498434	-15.48335881	-10.97893493
10.85642255	11.08880236	-16.58327319
7.617588428	-8.904070989	-15.98298894
-17.05986182	-12.36797271	6.23497217
-8.677550694	-11.95455252	7.722667055
-1.388527795	16.76844789	16.44622184
15.76396046	9.433291171	14.41985102
7.528529197	10.59581714	13.67438425
-17.73054841	-2.442259157	-12.14736011
-10.20313123	8.560749293	-1.444048239
17.42494621	-0.806505635	4.739777107
12.82052786	8.464367236	9.157766886
-13.5437329	16.48454981	-4.944366323
-5.865985161	18.45789131	6.092448824
-13.80100994	16.53277702	-15.74076663
-7.101353524	-5.110658902	-6.664715737
0.555974715	7.845934037	-4.62809776
11.31756796	5.306590519	7.426833349
7.976768838	-13.11480149	1.64019829
17.88165192	-6.937734911	-6.803583444
0.930871141	0.102399738	7.534132237
8.260325274	-4.593970606	-10.78228233
-17.07393233	6.819659058	-12.44517194
18.32039881	15.5745434	-10.10801548
-1.304209115	0.395783224	-5.630048706
17.64887905	-13.52116596	7.493566589
-16.3635007	5.869549851	-18.49792352
-12.07180864	6.495651708	-12.58674221
3.584789461	15.93883698	2.245213899
13.17189113	-16.59810619	6.463339912
-1.984641424	3.057003917	-12.99382264
3.411478596	13.6623012	3.946625735
7.166408967	10.43490513	1.243561042
12.43887417	16.56445291	-13.68350682
-4.096234702	5.331266502	8.415068674
6.05215517	-11.57810206	-14.5349218
13.22916838	12.56146046	16.70050151
0.818976503	-18.60778849	13.68472856
-2.879026133	2.701160197	-5.058139594
17.68859071	8.636473605	12.93806266
15.0439514	-10.91078608	-12.51192537
-14.98358203	-12.82861584	-0.358355783
11.49099435	1.611853489	5.327332199
16.87492079	4.651016011	13.6216495
-9.441111082	-3.700625075	10.8972972
-14.86836919	-10.41443678	8.747531781
15.7751042	1.332719184	-15.51620859
-6.17699678	-7.995670602	-2.624495183
-6.618510906	-2.633596184	11.48235087
11.83470467	9.574984152	-11.24855777
7.663537548	-15.12628343	14.43680441
11.54324824	-2.638811959	-3.615123425
-11.78225423	-18.4435998	-15.38583312
-5.626877885	-5.99071833	-8.052075252
3.196824015	3.513663731	13.74689053
-4.712867603	8.301851605	-15.19709951
-9.871334939	3.109761581	6.54675414
14.35369097	16.15125587	14.31965369
-10.91668406	8.807670632	-4.185240091
10.35933425	13.22054781	-17.7734903
-4.896116152	0.593744602	1.648139089
2.388321288	14.24923035	17.67146626
11.08529551	-5.221916534	-2.039371531
-7.457539315	-12.19882118	3.557376478
-5.613139078	10.83472945	9.220839552
15.71018514	4.84606141	-7.012302396
15.4399691	-0.726612688	-14.6316482
-9.521107179	18.46609245	-17.97441286
17.59602281	11.9882953	-12.03473273
12.30191439	-3.39144629	15.99708739
-1.982643014	5.55653473	-7.784302808
18.62825518	-14.67870567	-16.31541834
8.027010661	2.908823944	14.70187634
-4.116562102	16.47186518	0.793875446
-2.61E-02	-17.49749948	12.69912754
-4.474338112	11.77868838	-6.09342147
-10.84831771	-16.11964574	-12.9534009
7.035498849	2.661687651	15.79789504
-12.18810827	14.28348903	15.48120365
18.65492113	6.304872828	-13.50022454
18.29296827	-9.088784146	-7.156157648
5.477001926	6.228145144	12.39378933
15.62079218	12.3365403	-6.798837641
-3.423381397	10.26233198	11.47515922
-12.66383729	-10.87160059	-11.75710684
1.485452323	-6.011090501	7.229561877
-11.71995678	11.8893357	-4.600975044
6.28257582	6.734031349	9.838831421
-8.097785627	-4.118675543	-0.570736043
-15.29555096	-2.998407863	-12.5328128
7.269552316	-5.585673893	1.164702023
15.49676812	-16.05804495	-3.011461692
-15.17668177	-4.577821909	-11.13154505
4.749816222	-15.1954119	0.797981508
-8.505540551	-1.60206534	-1.942315979
12.47034701	-15.02247921	-2.091297077
5.473833684	-7.422380731	15.42206362
8.678639142	4.026311733	-0.532180788
-1.383634561	12.48284705	13.41448597
0.952624763	16.41593104	7.05366541
4.382988593	-3.648685977	-16.66225119
0.397945379	-5.897467305	-13.19456621
-15.27499826	-12.79022458	-5.226712521
6.152384569	8.79369977	13.10099013
-8.790904549	0.929079625	15.60538443
-1.20503162	7.129019007	0.173883163
15.67483828	13.37272007	-9.744300315
2.87E-02	17.8871909	-13.83376258
-3.556575971	3.67159969	-8.339538519
-15.34121006	12.2082982	-2.017029145
2.371291325	-12.51680918	2.933457423
17.28103244	6.493645466	-16.18154963
-12.80688572	11.29097109	-5.792331814
0.700558106	-13.10650834	18.42408921
4.551868602	-14.78612571	-3.458327056
13.60149139	-9.328741789	-16.36754677
6.431485427	-14.14155019	-3.045864894
13.0805348	-4.65E-02	13.08689778
-4.300398513	7.136009813	-14.32054652
5.746794483	-12.27832225	-3.348194022
9.417722809	-13.58242473	2.247343638
-15.1428449	-9.516419983	-5.723180855
-14.62018524	-8.940850883	-3.431111045
7.043011792	2.330238954	17.20727284
14.85182001	-15.03767359	17.71226702
-10.33930739	15.31628718	-12.4651066
-5.514980319	11.09778274	-14.79071939
-6.395300453	-7.05198193	7.585223467
-3.770321242	0.381810684	15.80885229
1.464733857	15.7231312	16.63804654
17.91570054	13.44383428	-15.62531205
1.10517157	-8.944330042	15.31327583
2.237444244	-13.59440112	-2.641188319
-12.13174628	2.907685327	-9.112949686
-12.7787748	4.796949396	4.906806635
16.34267656	-6.566210081	-16.18888661
-16.42418857	12.61234516	-0.68078765
-7.651821311	7.301061303	-10.97410748
-9.90559263	-16.44397754	2.022901311
13.82348698	-8.133453496	-15.38379999
-18.01066226	14.36171101	-15.35908925
-8.818544283	5.243440223	4.229148119
-3.718672194	17.75153922	18.16487682
12.46911643	10.52253279	-10.13156425
-4.945653517	-3.361141511	-7.061764813
12.04097905	18.11486257	-0.707947337
-14.01033167	-10.95733466	-16.05199702
14.34341859	-10.57665122	8.298144294
2.490109701	18.19963036	-15.18387821
-4.972844158	15.96300195	-10.01230214
-17.77008151	3.107220074	17.06193834
4.509312754	-0.83044912	-15.86025197
-9.764209515	-1.288145876	-15.33505724
3.035008979	8.12199434	11.19631469
17.58516126	15.17739119	1.338032295
-17.4937434	-11.97198856	-18.39664634
-12.07373754	14.91663716	-13.48853434
9.7619056	-16.54863169	-13.32033908
11.88512758	9.080112823	-4.274430204
11.98341919	13.52447972	-13.95129194
-16.28463242	17.88837668	-16.61095493
10.21736437	-6.559725513	0.10291995
10.76727372	10.82231953	-10.91263788
-14.82058454	4.436091366	-4.689225706
-5.85657924	-2.736676789	-12.08833506
-6.106110221	13.21537675	5.206257082
3.89110422	5.153315756	-3.181950153
16.50573909	-17.85727609	-2.046867558
-16.53734812	-11.22187941	3.751890406
-8.797618119	6.217505729	6.768253159
-3.795989334	-8.58919598	11.68749847
-4.065645737	-5.283646382	13.9920673
-7.163140775	4.791344469	-15.56073891
-16.40616447	-9.067245667	18.10301291
-9.670765377	10.30929221	7.84266692
3.283508888	13.03736323	-4.577839354
3.698184024	7.255388734	-15.64852345
2.294274885	11.92958442	-5.535106202
10.10077133	-5.290724695	-3.249901431
6.230153257	6.93194805	5.119593279
-14.49709047	-2.774603327	-9.399713819
17.94160224	1.201960439	-15.1408944
-15.91870037	-12.27230374	7.297222603
-17.99226316	8.323669858	-1.88089215
-6.994636727	7.387900905	0.301041999
-15.03257972	13.76144236	-7.84865886
-12.58086557	-12.79259814	9.513025202
-17.13983434	-5.489480139	-9.638303171
1.383961287	-4.90145955	-14.93969999
-1.900180032	-7.750691079	-10.15811548
14.96166233	-14.44661994	3.159793846
13.85489719	1.761008679	-8.073959155
-11.06218653	-6.352920292	-14.00187717
-12.56447757	10.18309093	14.07545798
6.471901858	15.70415041	-2.497410407
-2.017281302	14.33365963	-3.740618265
10.36876682	9.579370128	10.62348715
17.91726841	-13.07660393	6.124461157
13.6733235	12.63386272	-18.33512788
9.46511377	-5.859853355	-4.410829379
4.493282742	-1.003168026	13.79446573
-7.737798604	9.75E-02	3.395952681
5.667064775	1.535790713	5.936892436
-9.186010639	12.87758187	8.834712545
-15.847272	4.163518699	17.76883696
-14.04020107	-4.94540643	10.46492372
18.33765517	7.189105295	8.220243003
2.199500852	0.736367301	16.83830122
16.93533951	11.93678802	-7.219387597
-2.61439569	-16.75622078	-10.33274473
-7.461426983	-11.58902197	-6.782391098
10.28315027	0.775567515	4.670994512
12.10608776	6.523721418	1.644078149
1.129659207	-5.812589058	5.369455176
16.66618822	18.10882798	15.66162154
0.581809433	-2.926361842	6.800299404
1.384598398	-10.84860381	12.90964648
-13.57599877	7.568873221	10.20136062
12.8540807	2.377056775	13.97587463
10.50045422	16.85704178	12.67759618
8.999263959	1.464932042	3.912172175
0.136577555	-15.74398446	-2.759302889
-16.41994824	-9.66943502	-16.77312555
-18.57280799	-15.09017504	-6.936420173
16.22502399	11.71217599	-11.6078232
-1.266856204	5.506929201	-9.376448328
-15.79407684	-11.76852284	2.587188256
15.06341723	15.21501652	-12.27749121
-12.37655198	9.518088342	-4.054019406
-1.27161159	1.827317694	-12.75891463
-3.284836573	-15.48338132	-11.10660506
-17.23294083	6.630712647	-14.67941906
12.54422747	-6.16203002	8.462008397
-16.27563003	8.224151849	2.937172042
-15.93241402	-10.07915491	-6.739891656
-15.43172924	-16.36832633	16.67005869
-12.86694351	13.83080494	5.604610106
-11.84957073	10.38101781	-5.191026425
7.086420496	0.132523814	-17.22758569
-14.57889872	-8.367655691	3.562130799
-4.828521029	-16.7719242	2.614242827
-7.996008321	18.34505341	7.138565584
-9.858937509	-5.691435577	12.78298993
14.08134111	-3.094100433	-12.66695426
14.82607173	-11.79857394	9.785738059
11.29203425	6.799783107	9.365766004
4.768305242	-3.635089069	-15.09630473
-5.312503867	-4.282212136	-12.04323516
3.67779851	15.50908723	-3.86883514
9.133287972	6.975055672	-6.484414469
-10.26451493	-11.19934785	4.655390387
4.791470717	7.898839475	-0.144906352
-16.33026353	4.537680366	-5.700605875
-6.830699057	-11.68101185	8.947932785
-18.40241924	17.50514366	-10.08589691
-7.053989967	-2.62937535	12.98653368
-17.96114168	-16.74987053	12.18383649
4.993184662	-2.946890682	10.03840657
-16.30479148	6.273636404	15.28617812
17.12657534	12.91419717	-9.547213789
-13.33859534	10.5342127	-3.901238026
5.182263575	16.54346409	-10.39201834
-12.90384331	17.04156534	12.20165128
13.41798166	-3.646027277	-14.05228886
-16.13549183	-9.300337924	11.9465519
-6.950366751	-7.679838012	16.81568021
-10.00139745	-16.46802869	15.99351613
-18.44519278	-11.29144385	1.554788757
6.086425942	4.898837114	-11.48982716
12.57873307	17.52765356	0.608976802
14.38844647	7.199851167	8.41504442
-18.43375398	1.774211547	15.5528598
16.38664998	8.136931964	-13.02418215
9.956931771	8.658355069	-15.51599928
-6.71443449	-3.499579543	-11.28032522
10.98427023	-16.63171503	2.359567914
1.17E-02	17.51507882	13.93716012
7.97569264	5.612421063	-4.336408439
-9.893954409	-4.088900196	12.16189431
1.592450102	-9.31345902	9.582580743
-0.90135721	0.803752791	-15.12953233
-15.60877595	15.1418966	-7.677906484
-17.71030325	-10.68380242	-15.15851607
5.88233782	8.017267847	-13.79869359
-10.85923821	15.92745047	-6.788037304
10.02857393	-0.995532053	-4.808687602
-15.97092285	4.650287507	2.168357211
-7.525222104	-14.51499	13.13018048
-2.760407402	-15.88734835	-2.193780237
1.467540166	11.50822194	-6.681207333
-12.44817925	-5.433024442	13.9750949
-2.046118973	11.39533133	14.87575299
2.921373646	8.039459044	-0.277581761
-6.174145001	-7.240765208	-14.2268509
7.412394673	17.66326859	17.53056678
8.240100303	-10.92089294	-14.91431692
-11.75046602	5.33023719	9.892495117
-17.50799065	15.21276782	2.14156665
17.09063329	-4.223678838	18.12900823
18.61557637	8.888446251	16.44332021
2.482935097	-5.389125591	4.756143395
13.27630268	8.242746541	0.471135268
-1.851345971	-15.39887694	-5.571942229
12.73277633	10.65566715	1.343980271
18.34618695	-0.5047574	3.528056561
14.57746426	-10.24842073	-18.50339843
10.97466415	9.089058183	14.05685981
18.03097206	-0.56541764	6.093995906
14.66693283	16.87725342	-10.167026
-8.175045883	3.586169676	10.21828653
6.889183457	-8.535835198	-14.74333994
16.34515073	-4.33000016	10.77391334
-7.766888304	-2.784312012	4.097960448
8.222194627	-16.51711937	-1.515952171
4.916029557	-8.6920317	15.65910452
11.0407211	-4.26305591	-3.658827696
12.1134889	15.18595615	-8.746626636
-14.97680176	-12.11190242	-9.989066238
7.698379086	7.503485362	-16.26508961
3.324118636	-8.197079429	-1.641158226
-13.52932013	9.627366723	10.61931202
-0.423437037	11.52457192	-4.688238881
14.49284258	-4.659039024	8.583668665
-4.581639516	-0.678045555	16.38239883
2.400221085	-12.21014	15.52851582
-3.106363131	5.478846215	-8.958711688
-8.024986637	-12.8015983	-12.91552013
-17.10334491	9.533675081	10.48614354
8.962943104	14.89852401	-10.3686301
11.86726073	-11.89282219	-3.310306967
14.5029519	17.07992225	7.119248127
-16.64975201	-13.35853851	14.71108226
-17.26304082	-5.52288999	18.39139316
15.61600051	16.20237539	4.653256189
-2.959646518	10.81719729	4.495243959
-0.712413163	1.929855861	-16.49553189
-15.51350575	17.27863432	-10.84083286
5.37856054	0.673444034	-11.94890761
-12.47513362	10.77585034	-15.38065936
2.54868407	-2.180400553	-10.89428659
-12.96755059	-7.230365229	17.29003912
14.98674449	-9.535251143	6.970945645
18.58938767	-12.62919971	1.38661269
3.641507781	-9.853457737	-11.04908886
16.83435896	2.125944044	-14.85570966
5.623329671	12.81617196	-8.086686196
11.52894042	-7.326929853	-11.39171126
18.03146948	-14.04300208	5.016822767
-8.854920326	-2.765787124	14.75790364
13.6677427	-1.371788611	8.466311153
10.99673399	4.677401745	-2.021559743
-1.983395294	-3.892188156	14.80319874
12.83050174	-16.5867571	-2.354245813
-16.52981004	-3.494767006	-16.98409087
-3.166401407	-9.607090776	6.039551091
11.00517142	-17.45324524	5.062635441
-8.744881975	-11.28218421	18.26723512
18.15905625	2.529593215	-0.904813757
-4.489435881	5.436729261	-8.773266414
-6.162922499	7.28924264	-11.418982
-3.718420916	12.99617088	-0.279823116
14.26481084	-4.527045112	-12.04365557
12.76668817	-18.11703122	13.97616584
2.697436782	-8.966200722	-18.63312382
-14.80255322	10.91585389	12.1743056
-15.57219647	-7.649083108	9.924329058
-8.209159129	11.77363846	1.302077672
-17.25635836	2.421718416	-2.192491304
18.10651889	9.939356273	12.56393866
15.3561562	-5.056008144	14.12054724
-17.02825273	-5.164486292	-12.06944481
-15.25218098	-8.954930173	-2.172097083
-8.094194337	-6.889027958	17.02529034
-12.7633825	1.413257839	-18.27779394
-8.789134569	17.10476048	-0.12236168
-7.250134467	17.38955791	8.365094625
8.388976025	2.982472847	-3.272489113
15.70026856	17.61858061	16.64207406
-5.381368184	-15.33320163	-16.33372429
-9.582023317	-10.22449619	15.08989604
2.24E-03	0.617234595	-18.69698898
0.500489066	13.11310549	12.44241597
-12.98590997	15.25472388	-4.601665786
-16.40448345	12.50269247	0.720783261
-9.763878228	12.13875597	-12.94503338
12.03469212	-15.03042168	5.859810395
-3.859142246	3.90374556	8.914429343
-18.50267093	2.247189083	2.425204667
6.449149738	-12.53312786	-13.26980756
14.15920812	-18.56852556	1.23997207
-12.53221766	1.949800433	7.573088994
-11.40522704	16.92668016	-2.741104223
-11.78358961	11.12310557	-16.60134142
-9.394987039	11.94893795	-15.81058456
12.36255823	6.568829637	-3.85560788
-4.253379542	15.93068438	6.793669068
-3.964232458	3.498527877	-4.089641775
-6.974237244	-7.387162451	-0.895872695
-0.411891084	-15.92493016	9.553419888
-11.42698649	9.322491049	11.90697439
12.82462676	-15.47355014	4.466437578
16.81688806	-18.61054997	-3.528214956
-7.750743402	13.90626361	1.513949189
-9.928705976	0.338268036	14.87844884
-1.343693453	-11.15376717	-2.248998091
8.369338353	0.353869958	-0.912388193
17.97565338	1.704088884	1.560799322
15.22574197	11.42876711	-5.60478805
9.858470437	6.101245921	1.428308548
1.850389639	-7.864422359	15.81790362
-2.627078582	-17.71552791	-7.181777989
15.03959514	18.04556623	17.86376821
-7.328424483	14.70413774	-13.99609762
-13.20217613	-16.33008412	-7.147545931
-4.226009108	0.162350432	14.51704127
-7.338611459	-15.51033398	17.89053107
-10.62592191	-18.32973093	8.866571264
8.213949751	9.433008166	-6.080700432
0.169361244	8.659801301	15.74208974
-13.55149455	-17.40809232	6.20665424
-13.19029853	-15.99077076	14.35229719
-3.438496136	-4.600696811	-8.447457171
-10.98752967	7.504001369	12.65419103
13.12241849	14.19300282	-8.565023253
6.337579624	8.394951785	11.35684469
-1.019504517	1.887279124	-11.33378663
-7.832274045	17.79369867	0.790354326
-1.396123123	3.04666808	14.7937002
11.63752833	16.02338125	4.632531701
6.585422316	13.30214166	-5.644853269
1.768056678	-2.751472487	5.416821362
1.283568607	-1.086587669	3.137617407
-12.96250961	18.07077787	2.592287853
-17.93050312	16.12057714	15.90595897
-0.775787605	-2.353024785	7.54528222
-8.659212534	-16.61464942	-17.96154294
0.450130249	-14.3970338	10.55902436
-11.12373234	-1.908427021	10.88137931
-14.92168933	-5.540780884	-16.58515173
-9.116348751	16.69497533	-7.847872115
11.83293889	0.908618638	-3.610283157
10.34410075	-7.450733934	-9.643607724
-14.85831694	-1.309705992	9.17218537
-17.18397922	-6.87329744	15.65375001
12.45365942	-14.57825004	-11.975969
9.346752394	-17.67033798	11.98335243
-5.656156758	-1.448486559	10.83505353
-13.83748097	-5.243349133	11.80632976
18.11775876	-17.77055356	9.430564779
-2.34136606	-16.57086999	-3.591056338
-14.82933988	-12.34317037	-1.775463458
-10.01162425	16.63618964	17.98162188
2.517627034	-5.685892442	-17.91808695
7.770825163	4.72357421	-12.95564461
-12.00010155	-7.652169346	10.39865792
12.67080007	-10.05259833	13.30943797
-14.70013094	4.564749073	0.825400447
-16.34627736	-8.31288545	-16.25099759
-13.33457005	3.887085445	-4.263882532
-15.58472909	7.412161813	1.865587639
-2.411364308	-6.159767002	-12.83916738
17.30541138	13.31603475	-11.720699
16.64173728	14.48520891	7.650431525
-14.26649312	-13.69771138	16.95415213
8.555394244	-9.398491082	-6.730074402
-13.34871514	-0.759678649	18.45946466
10.38894972	3.761879701	6.47543384
-4.007851408	9.155159069	12.98869811
-13.5151585	-12.14307377	-10.72954805
9.824485325	0.485667994	16.49061081
-9.174675281	-17.7989352	-17.23071522
9.598621133	9.136843261	-7.423189488
10.59559999	9.086908205	-2.112707807
-9.058726537	-10.12216846	-16.55615257
9.610256817	2.915281316	12.22054811
-8.295356599	4.841426964	6.721336153
1.216292335	13.11415236	16.35878361
-9.253430925	12.33763753	-8.782798909
11.91168227	6.026088792	-9.653295009
3.329697931	2.815128026	8.136248774
-7.24363849	9.307773653	2.192408475
-13.47957843	-18.42938615	-4.012999823
-8.172882803	11.81970383	-16.76615073
-11.86339921	12.02994239	6.880558337
-2.589977293	-5.312275426	-14.14694982
-12.88828062	9.736284411	-11.03016557
8.688843211	-6.366240875	-3.211076529
-10.47834294	11.75198395	-18.5068957
3.841979546	7.501991191	10.25707082
5.875055034	0.616024453	-9.0897775
12.53771656	3.656325618	-17.96339529
-5.255379365	4.869943598	-6.192447009
10.18316703	-3.521698162	-17.16840425
-14.85080899	12.48875778	3.659316808
5.025897996	-0.510748768	-12.79805921
-0.581929935	-10.03903619	13.69194833
-9.760232593	-6.093985874	2.980865578
-5.011584031	-10.70952658	8.815120237
5.004519335	6.177009882	10.16112437
14.66791398	-8.935054709	12.38213782
15.34436987	-14.44036976	-18.20373415
-10.54183699	-16.27959508	-8.762848147
12.82715681	-4.387731131	1.313508856
0.246780708	4.002267226	-3.724318494
-1.190592043	8.893644675	13.68999224
11.41392535	11.17118385	15.0580887
-1.285782258	5.926289218	-17.4158034
-4.993582473	-7.182260783	-15.08541723
10.09784355	18.44822133	7.734464311
6.1065272	-4.533533747	-14.88165019
17.70656461	-10.47780257	17.5956932
9.259414353	-12.78042517	5.087523063
1.535623676	18.55651368	-16.18514396
-9.523055814	-8.568220561	-10.9146729
3.759650843	-12.88788855	3.53008415
5.347744713	10.73287091	-1.763215709
-6.778093331	11.74424981	-7.734226159
2.12241994	-13.58977236	15.52238438
8.001553236	16.19892037	-7.308207172
-7.034261902	13.14466702	13.39810486
-11.82312741	-17.00568226	15.33513034
-4.384162503	10.45342928	13.31913481
-4.562415402	14.59815262	-18.03887069
-10.06468944	-10.45559175	3.29066918
-4.336473714	14.66365255	4.927849862
-17.25703686	-0.420449956	2.233784373
-2.239387382	4.390755389	14.56899448
-11.90067465	-2.534210645	9.847982056
12.64292411	6.688833225	-0.125770963
1.568784588	-4.902252087	11.06323404
-9.475504073	-13.66811634	-6.458973231
-13.1679941	18.02866474	-8.065084923
-17.66894496	-15.4202542	12.64026277
-14.13805809	7.947621013	-0.620526785
5.650271583	0.918057706	-6.586541818
-8.147875773	-16.34546612	-13.70216806
-13.58599121	-2.01081728	-14.45514951
-8.916847759	-15.79910658	-8.088870178
1.380416383	13.11929162	-14.04949114
6.870859104	-16.03397528	2.504218998
-14.82000299	11.50661777	9.78172407
10.89010943	16.87512401	3.714168334
-13.26537541	17.51562456	-10.8446327
3.492624448	-5.119117901	-6.849293075
-13.57685511	2.881541475	8.473633058
-4.525033056	7.942944552	12.19944877
2.761870768	-11.48523701	5.704098195
-10.04403263	5.869928016	-3.276885817
1.018154813	14.24188761	13.06374079
-9.79198898	6.516883291	-15.92071896
-16.75091015	17.29917343	4.455803521
16.77667873	-8.330570835	-7.859150955
7.692585614	-17.67509806	-4.516718518
16.98444761	7.426979231	-2.382279229
-0.290599502	12.56558836	14.65553332
-12.62687263	-4.570603453	12.08480775
1.216744684	7.169789298	-0.876622085
18.22926286	7.358921757	18.54961702
-0.953185497	2.611844792	-8.224744774
-10.95651183	1.289566052	-13.59161238
-3.42E-02	-18.15647592	-0.972790981
6.114023105	-0.804235505	-13.64889415
-11.79107746	-7.613171704	5.380794814
13.39263984	-1.081101348	-3.63816083
-3.960760323	12.82297031	1.130593177
-11.77673146	-9.403283722	2.256493648
10.50738184	-16.34511553	-16.18217947
-5.317315295	2.318923015	16.96854203
-17.02159559	-7.660613556	5.220073164
-14.76391183	10.79500735	-2.232481467
5.636160254	-4.178314172	9.622222855
2.538955775	6.169401983	5.116105334
3.067079124	-16.69810453	6.393745346
-10.59436457	12.74491475	8.531697058
-11.08733153	6.814639971	17.67680217
-16.66675017	-14.64677583	-10.28467357
-10.36171993	-7.05354305	5.518561908
11.07197193	-15.88579562	-13.59879184
15.10949566	-9.664471761	17.7562948
4.094990932	-0.47364182	2.564714537
-6.699155284	-5.593875816	-16.48568917
-11.11974569	7.52363748	-0.212206962
-14.18043906	13.05762052	5.166323063
-2.987808053	-0.989349187	-14.50556823
-6.925627997	-10.31987018	-14.04053352
16.77077279	11.77010771	-5.769518934
-12.82016096	-7.975769014	-8.207316072
-12.09268293	14.36519312	-11.6148609
-9.517624779	1.826008655	6.133552338
10.69057889	9.768510699	-12.04267859
16.38142984	-5.254837274	-7.377033648
-7.238915296	12.69160487	-12.26992847
-4.767061839	-16.37530742	8.03388271
-14.1965494	-16.81262179	-14.36815857
2.873163668	-8.515778894	-2.927277231
5.543707128	-16.62825183	1.830994188
3.651428076	18.01971932	3.996836673
5.341728304	-13.89860619	-9.945263346
-13.10924891	-4.297757774	5.730856642
-14.05211228	-8.874912707	5.070284151
4.107976686	6.068610707	-13.14828568
-8.447656729	-4.648762723	11.09943182
-12.14604575	4.017400552	-16.62953443
1.603490052	-3.343117992	8.093687375
-12.90295243	14.84961643	3.256030162
8.588918451	-1.755941131	15.93353947
9.629599114	11.64111015	6.656376269
18.09371016	3.101970785	-2.319290057
18.12966744	-3.788162923	13.88687751
1.050513887	-9.972017999	-0.270312916
3.995258016	1.15263857	-3.622888632
-2.281476678	-17.79512799	16.55599691
12.65991503	-8.477105548	-5.751968667
4.317425683	-9.444136912	-2.670907381
-15.49809793	1.071862052	-2.808577743
15.14848097	-10.65559104	13.96707885
4.176318522	11.02961621	-11.60582156
-14.03486365	7.575859459	16.20588686
17.09004395	-17.91882592	-9.610434422
17.3615277	11.73099217	11.32471649
-3.769097878	4.890168115	14.24540685
-11.27745588	18.66491324	-7.194011038
-9.340883617	-5.222235671	-15.40301523
-7.33725017	-17.99362728	13.04414428
11.2507285	7.719738166	-13.60542768
8.187322557	-10.43433264	-1.683361231
10.48499285	5.918298816	12.40455135
11.73135611	-4.171245002	2.251082388
4.132038599	7.815514608	-13.1941059
-4.204774579	3.695349099	-9.735239965
-7.470279236	-14.23725352	-13.33265789
-10.65468233	-16.50558173	10.64883274
-8.868699431	-9.867243219	18.41879213
-4.961246525	-14.50895185	10.44944095
14.22052559	8.091489623	-14.70559094
4.38E-02	5.409884859	-17.39586655
-17.13686394	-5.600746405	-14.23064633
-10.29212147	11.02904302	-15.06279155
-17.12301051	2.262094491	-8.284101375
3.214957882	12.48533631	-17.54666907
-5.124189686	-1.306290167	1.49158713
4.922178997	2.6273217	1.030725917
-4.601660425	3.524519239	-16.24919881
12.04807294	2.703249334	8.225936659
-1.114902376	7.156226907	-18.24799161
-16.50927616	9.117953863	-5.463894571
-7.542146627	3.259098793	9.013311276
-9.120685262	-16.43763546	0.711384488
-0.96067927	-0.500773339	-4.599265742
5.168873521	15.30897271	4.329913387
3.809472817	8.403942636	0.835718138
4.411958227	16.91683051	-4.003321952
-17.8169795	2.640791837	13.06565546
-3.360550984	-2.064548624	6.056193464
-7.207924198	-6.259172492	18.19332763
3.540842759	-7.795407056	-3.942041133
11.73417448	16.08158726	-5.815912746
16.68170178	15.91111789	-8.238814855
5.602722159	6.519940662	-6.24888881
10.59419825	-4.822341062	-14.81134893
13.89479489	-8.292927849	-3.304315776
2.582535184	-3.538534168	-11.42659644
-13.65517977	11.69825233	-2.728988807
3.090782272	5.017512398	12.54718263
0.468661843	-16.12041329	10.79991639
-7.049583373	9.788582984	-16.01687389
5.807666878	-3.214445365	-15.94411297
13.08554184	-3.592632348	9.613218024
16.56586243	-3.973869304	-7.995814575
4.891417546	-0.96687535	-17.19998597
4.220106324	-18.58910108	-5.779461385
-13.72785329	14.70795405	-5.635225194
-12.59919105	-6.650919457	-7.745534941
-16.08833251	12.82438471	-4.010205558
16.91663548	-16.60972963	-2.651774272
10.33618429	-17.27303037	10.94526977
3.068409847	7.183905013	-6.584623216
-18.64171778	12.42275987	10.2077615
3.301558706	-1.872838564	1.161565007
4.132224197	11.08547326	-2.719467822
-4.416164813	-1.867980033	4.953859811
-13.67585277	-13.10651776	-16.74066346
-17.76056701	2.428446185	4.176997351
-5.619822122	6.002527207	-7.306219249
9.828822512	5.446830879	-0.211218205
-5.862299846	-14.94848033	14.85653192
5.650820652	2.61532259	15.32556607
-9.545819444	7.400675845	9.753705624
18.68101533	-16.87151076	-6.272471289
-11.95620352	10.05952852	17.20827263
5.32428938	10.12123475	5.765848658
11.8387141	-8.369943824	-14.15152161
-10.70059987	-0.377585521	-10.3282677
-14.14998514	-10.68898944	-4.538080286
-2.047454895	-3.857460405	-7.966709061
-17.71709853	-8.399503719	-16.07901325
11.39353565	11.7454579	-9.85864024
15.01662128	3.668533924	-6.387765325
-16.41820866	3.600282321	-18.35383053
-13.23414237	-10.82184459	-5.851608911
-13.34060383	-5.802527859	18.07942832
-1.549903681	1.85288135	12.96700827
-13.14378276	-7.483573356	-9.533465155
-7.525750029	5.58958029	17.04601401
-8.43E-03	10.6064053	5.538117695
-11.77737052	11.11234511	5.546657197
9.43767765	-7.141524496	14.94289685
1.471236474	-0.143087908	4.600953141
7.221731631	12.30493544	13.40005492
-11.49248981	16.78666867	8.563053109
-17.75402527	14.66474026	14.42328803
-2.615201137	-3.241397368	-17.52293857
-5.778056542	16.94646913	-4.216379289
-9.434363308	1.279436232	0.56260716
5.615100247	-8.498640507	-9.694594982
14.45520446	-9.827713709	3.426802306
-6.913216494	2.779989865	1.395709436
7.009076335	3.59168574	9.944751629
-5.276557144	-6.44E-02	0.368265522
-3.602308277	7.115377687	-6.632994275
0.717772445	-10.29853205	15.31199326
6.225457499	-7.46214776	-13.80756094
-1.947386274	-16.40029155	-9.061147683
-16.3684425	-15.16025108	-9.028922477
4.494087328	-10.39566827	11.25231176
7.476530758	-18.2262494	10.13774467
4.038962911	3.274831819	9.267724093
4.032722128	6.547069404	9.017666303
17.03076388	-5.182783418	-4.210961792
17.94377155	1.811920945	-8.256930004
13.76915695	-0.659004558	-8.20833774
-16.93407789	-10.16187102	9.303995675
11.53466153	-8.757424987	6.712823486
-4.162019387	-6.252281778	15.12023638
-8.211994926	11.54154317	-5.099214081
-1.207523179	4.235648547	-15.80509673
3.263314664	-14.57729815	-2.387749213
14.5224788	8.749722319	-8.387583228
5.566565288	12.66590239	3.567434256
-16.16825125	-9.923976484	3.09535582
5.880621515	-4.462740876	8.287603064
-12.76793857	-14.528582	-9.370251619
-16.40491553	7.96656277	-10.64403541
5.941347034	-12.06998736	-0.722049544
5.462752205	-9.394890316	11.69090869
4.012551156	-2.121144221	-16.6997115
2.533190781	10.43294823	14.24287752
17.16865706	7.836031238	7.674186261
-18.50612235	12.44407377	12.1072008
10.8318436	18.31791698	-5.951452304
13.4462086	18.17531915	4.475723432
-10.59396791	4.678980878	1.998143611
0.840381709	-7.242615582	16.63351157
-5.888764717	3.613188093	17.65077394
16.19417828	-9.59856586	-5.214507701
-16.63915344	15.1711585	0.69915494
-14.14952855	16.26850735	-17.0900187
2.884952758	10.15109098	-13.47833339
9.038987898	-9.174083398	-16.41087588
-16.20640317	12.87830341	-16.26678948
2.681105916	12.53122917	3.386532325
-4.453815015	9.403827138	5.236416261
16.95397054	12.39074394	15.95633723
3.786113848	18.59491624	-15.49069875
-4.983993887	17.45955284	0.304021294
-18.34745369	8.083353544	6.373356272
-15.43858074	0.865155472	-10.54086629
17.75389889	12.981046	9.425091385
-10.60764402	10.87026349	-12.97356317
-16.86292011	-8.433853361	11.0036214
13.99570311	-11.1490825	10.72796802
-3.874506444	6.005319219	-2.370197762
-18.00733295	6.710950537	6.23330559
7.638402011	-8.350899159	-5.394080909
11.07919484	-14.08951977	-11.70132548
8.254808869	-7.321022191	10.78787848
-3.386769012	-12.09734017	-8.74358443
9.234313218	13.88106562	-11.33096605
-3.675721187	-10.52006897	-16.71729747
-18.56148934	4.239661635	1.01585853
17.32212753	-11.67952653	6.520563381
12.14599422	-18.16459962	-11.77432556
2.239476394	18.34814446	-18.56569933
10.73082091	9.739773028	15.34910024
-6.14801526	-6.158527843	-18.13648805
13.96814008	15.92593404	5.90184088
-15.63948606	-9.157146989	1.045282524
-1.949332303	-2.578900599	14.28455705
-16.4992028	-14.87149347	13.64046677
15.87990375	3.126312383	-2.338222132
11.36363753	-10.44536828	7.4410117
-8.888682657	-18.4816543	-1.183759287
4.149155853	1.035093088	6.229856275
-9.221777183	-7.674317321	-12.40623292
2.154127458	-9.686874774	4.796220738
-9.589818738	5.909964802	2.029465132
-17.50163774	-17.95642683	16.15236833
18.65433314	-8.339152629	-11.7319565
17.61762706	-18.35752261	16.01424256
-12.8890929	15.14819935	-10.72840084
-9.35782311	-6.607112159	14.04192668
-7.520768406	6.727254316	14.6702017
-5.020561232	8.967864386	6.471401214
-8.2686295	-9.890527175	9.71E-02
1.54963532	-9.780090525	10.99275737
15.32381025	-15.00867033	16.24147963
-7.544879866	6.494348232	6.125325259
16.25926378	2.998563019	-4.790817184
-4.83460908	14.87353489	-16.48777819
-6.883825685	-4.756202691	11.0687573
2.702581774	7.012020097	-7.996416953
4.096987184	-8.578524537	-11.46774345
13.42037788	7.628773136	10.21422266
-5.078995822	-8.704142963	-14.72897782
17.33634831	6.076291389	8.871406042
4.924057756	3.535374777	16.2472407
10.6550917	-12.39403825	5.031476803
7.242785792	-11.3016005	-2.500892983
1.717205698	11.81900805	-16.60987443
6.271013611	-9.96692621	-6.446603471
9.929101868	-9.815321284	5.694884661
-3.298929306	17.04295224	10.31678469
7.986463253	-10.71984244	14.70315047
9.348065681	-10.04705537	-4.086302879
12.97746376	0.539088527	0.774958835
11.00755987	6.606534069	13.72131766
12.7423636	16.6382717	6.118468895
-3.028230059	16.10949378	12.73455818
-11.87170854	-5.921332843	6.212485164
11.28979335	10.42812868	18.00381083
2.870164431	8.915800688	14.64158541
7.019586612	-0.388924177	2.827160147
-17.037232	-16.28804864	-6.235115681
-17.51043986	5.287601375	-0.329809193
-14.4058777	0.10200824	-2.552013771
-4.961615835	9.386843023	10.31646469
17.7525542	-16.96745962	16.28095615
9.743989085	10.16816278	-2.537010536
-18.32076518	5.667999019	-14.72549899
3.506187833	14.60331804	13.4497205
10.3301912	-14.56697518	15.26204596
17.66570157	6.300281921	-8.143747202
-5.375547357	4.724292213	-15.84691931
-15.79490764	2.594618879	-8.488206603
13.20540984	3.835138002	-9.504709784
-18.67729114	-11.5540685	18.06654313
-17.6759284	10.81147757	-7.988856542
10.30872924	-3.545911282	-12.16298282
-16.16177472	-8.526220523	-4.242015446
11.29587984	0.280279426	15.98751538
-18.14119433	7.342842147	-0.562467983
-8.072505881	4.451879883	2.450228804
17.55875759	-7.462438238	14.23334264
6.857184627	-0.514477899	-6.480720248
10.27361529	-13.42054414	1.010160378
-11.05944654	11.19226296	7.982770882
-6.551018403	17.94354251	-0.16669111
-4.41376115	-15.36266322	-1.554869935
5.525870079	1.518575571	-3.607630698
-16.32102892	5.931788908	-16.88004311
9.182907677	-9.391179657	17.42238691
4.828178268	0.991387979	2.45138872
8.602232921	-6.980384812	-1.011260164
-6.197276939	3.459936231	0.424168152
1.537153159	1.23402722	11.29119863
10.13100165	-16.85187475	13.93111636
12.9709695	14.53463092	-17.37208924
0.274835035	17.69632931	-11.95231787
-15.69792772	6.999024349	3.765620982
-4.434897404	-14.48765895	-8.68841121
-6.628141355	9.455871844	3.805354536
15.2210785	-3.294267609	-13.54911916
9.725843042	2.132484614	-3.480795251
-7.978709934	1.734870658	8.017600032
14.32648295	2.225332477	3.352502674
8.90959376	7.58528283	-3.098257917
13.97823165	4.335610244	-15.99764815
3.632341937	-5.993776396	-0.579881579
3.321757431	-7.584575408	11.72048515
17.40739072	14.70058103	-10.67312324
0.262824748	10.80749517	-18.62062778
8.743551477	11.68224543	-11.14341793
5.498411705	5.140188436	-8.448576615
6.000750796	-9.076410239	-7.479190008
-17.9647715	1.321808369	17.28705996
12.30099392	16.957093	-9.929611385
14.96586366	-5.057704142	-7.364591389
-5.30208685	8.854408652	4.098463008
-5.413416589	3.901777056	-13.96741625
0.532057469	-17.5788622	-11.76398562
-10.39668881	5.517362452	-14.56445898
13.97302953	4.449496466	7.51E-02
-11.12205051	17.98283785	-9.967189044
-4.66877303	14.31739507	-13.11004518
-10.148153	-7.310269924	17.59486614
-2.971343046	18.5855211	-14.41630945
-4.313688684	-1.80664793	2.715441751
-13.36299493	-6.630199493	-17.25067151
4.304220997	12.1698903	5.272584546
10.82881624	-17.6124452	3.358581994
10.40637541	10.91328734	-13.05680887
-13.47430998	-6.414937653	8.784367103
4.565761822	7.109829786	-1.413531424
-14.66434171	8.023536711	-11.32432573
