parameters of Eq.(9)
--------------------

k_1 k_2 k_3    \alpha_{k_1 k_2 k_3}          A_{k_1 k_2 k_3}

  0  0  0        1.16406382984624           7.33779142427628      
  0  0  1       0.593775469740520    	   0.207562291096732E-02  
  0  0  2       0.579991620360140    	   0.201257721465354E-02  
  0  0  3        2.16547015214329    	   -162280.921808245      
  0  0  4        2.98314825911820    	    140426930.572053      
  0  1  1        1.41509085761783    	    3676.77127295706      
  0  1  2        1.68952244399482    	    40721.4699374272      
  0  1  3        4.01020983745692    	   -145478302663.879      
  0  1  4       0.918500573699908    	   -2.38575533677150      
  0  2  2        1.24672879488806    	    24.9222823036941      
  0  2  3        2.05681119414852    	   -136123.231454042      
  0  2  4        1.31995140236607    	   -2036.85749653572      
  0  3  3        3.73423077881244    	    65196789563.7813      
  0  3  4        2.03094608487497    	   -246369.934348762      
  0  4  4        2.16349588270954    	    337609.745545195      
  1  1  1        1.14951445564366    	   -303.389041542620      
  1  1  2        1.13500643353835    	    419.847355533508      
  1  1  3       0.706124946374114    	   0.428281282658233E-01  
  1  1  4        3.38198341068258    	   -6376463380.36163      
  1  2  2       0.586893129829570    	   0.121898031059658E-01  
  1  2  3        2.50706679697449    	    25447929.5505372      
  1  2  4       0.947942951899726    	    1.81213617023749      
  1  3  3        1.32340552994745    	   -2092.82734569787      
  1  3  4       0.400000000000000    	   0.681066685456400E-05  
  1  4  4        3.08785463812471    	   -146635205.381890      
  2  2  2       0.958505100822341    	    6.60802549511257      
  2  2  3        1.18369957176966    	   -344.693694202977      
  2  2  4        2.88051393389548    	    143064734.239803      
  2  3  3        3.89009793612663    	   -1008432134063.46      
  2  3  4        1.75941163648810    	   -9312.13937942436      
  2  4  4       0.663027178763952    	  -0.386910250300881E-02  
  3  3  3        3.85457885867751    	    711864422051.715      
  3  3  4        1.10245630997729    	    18.0536606525932      
  3  4  4       0.928262289570450    	   0.922564385936391      
  4  4  4        1.10072817300826    	   -4.52285479839575      


parameters of Eq.(10)
---------------------

k l m         \beta_{klm}          Z^{(3)}_{klm}

1 1 1      0.850816031004730       0.49311
1 1 2	    1.03935993289613  	   0.92372
1 1 3	    2.35163790098234  	   4.1241
1 2 2	    20.0000000000000  	   1.7377
2 2 2	    7.74979337816275  	   3.2839




parameters of Eq.(13)
---------------------

k l m n    a b c          \beta^{(abc)}_{klmn}      Z^{(4)}_{klmn}

1 1 1 1    2 2 0          1.76277419240966        -15.2910806164061    
1 1 2 2    2 1 1          2.22023197004267    	  -370.838300778413    
1 2 2 1    2 1 1          2.33977220590245    	   673.766716043939    
2 1 1 2    2 1 1          1.96782469219456    	  -553.474291722504    
2 2 1 1    2 2 0          2.13546395662687    	   158.205832955569    
2 1 1 2    2 2 0         0.959706781068175    	   112.479143795999    