towhee_ff Version
          14
Number of Nonbonded Types
           1
Potential Type
Tabulated Pair                 
Classical Mixrule
Explicit
Atom Type Number
           1
table_pair
           1           1          3000
table_pair_data
0.05	2.06566431436e+22
0.4125	2.06566431436e+22
0.775	2.06566431436e+22
1.1375	2.06566431436e+22
1.5	37561.3564784
1.8625	2537.44528932
1.86576283079	2481.0157567
1.86902566159	2425.89308201
1.87228849238	2372.0452184
1.87555132318	2319.44095375
1.87881415397	2268.04988763
1.88207698476	2217.84240889
1.88533981556	2168.78967394
1.88860264635	2120.8635856
1.89186547715	2074.03677262
1.89512830794	2028.2825698
1.89839113873	1983.57499863
1.90165396953	1939.88874857
1.90491680032	1897.19915878
1.90817963111	1855.48220048
1.91144246191	1814.71445973
1.9147052927	1774.87312073
1.9179681235	1735.93594966
1.92123095429	1697.8812789
1.92449378508	1660.68799173
1.92775661588	1624.33550749
1.93101944667	1588.80376715
1.93428227747	1554.07321928
1.93754510826	1520.12480641
1.94080793905	1486.93995185
1.94407076985	1454.50054677
1.94733360064	1422.78893774
1.95059643144	1391.78791455
1.95385926223	1361.48069848
1.95712209302	1331.85093075
1.96038492382	1302.88266143
1.96364775461	1274.5603386
1.9669105854	1246.86879779
1.9701734162	1219.79325178
1.97343624699	1193.31928065
1.97669907779	1167.4328221
1.97996190858	1142.12016204
1.98322473937	1117.36792547
1.98648757017	1093.16306759
1.98975040096	1069.49286515
1.99301323176	1046.34490807
1.99627606255	1023.70709125
1.99953889334	1001.56760663
2.00280172414	979.914935511
2.00606455493	958.737840968
2.00932738573	938.025360605
2.01259021652	917.766799426
2.01585304731	897.951722933
2.01911587811	878.5699504
2.0223787089	859.611548336
2.0256415397	841.066824129
2.02890437049	822.926319859
2.03216720128	805.180806275
2.03543003208	787.821276946
2.03869286287	770.838942559
2.04195569366	754.225225383
2.04521852446	737.971753869
2.04848135525	722.070357408
2.05174418605	706.513061222
2.05500701684	691.292081395
2.05826984763	676.399820041
2.06153267843	661.828860591
2.06479550922	647.57196322
2.06805834002	633.622060384
2.07132117081	619.972252485
2.0745840016	606.615803643
2.0778468324	593.54613759
2.08110966319	580.756833663
2.08437249399	568.241622913
2.08763532478	555.994384308
2.09089815557	544.009141044
2.09416098637	532.280056946
2.09742381716	520.801432972
2.10068664796	509.567703802
2.10394947875	498.573434519
2.10721230954	487.813317381
2.11047514034	477.282168669
2.11373797113	466.974925625
2.11700080192	456.886643468
2.12026363272	447.012492486
2.12352646351	437.347755205
2.12678929431	427.887823632
2.1300521251	418.62819657
2.13331495589	409.564476997
2.13657778669	400.692369526
2.13984061748	392.007677913
2.14310344828	383.506302645
2.14636627907	375.184238583
2.14962910986	367.037572661
2.15289194066	359.062481658
2.15615477145	351.255230011
2.15941760225	343.612167696
2.16268043304	336.129728159
2.16594326383	328.804426297
2.16920609463	321.632856496
2.17246892542	314.611690715
2.17573175621	307.73767662
2.17899458701	301.007635768
2.1822574178	294.41846183
2.1855202486	287.967118868
2.18878307939	281.650639648
2.19204591018	275.466124
2.19530874098	269.41073722
2.19857157177	263.481708506
2.20183440257	257.676329442
2.20509723336	251.991952513
2.20836006415	246.425989663
2.21162289495	240.975910883
2.21488572574	235.639242839
2.21814855654	230.413567534
2.22141138733	225.296520998
2.22467421812	220.285792022
2.22793704892	215.379120908
2.23119987971	210.574298264
2.23446271051	205.869163822
2.2377255413	201.261605285
2.24098837209	196.749557206
2.24425120289	192.330999892
2.24751403368	188.003958334
2.25077686447	183.766501169
2.25403969527	179.616739659
2.25730252606	175.552826704
2.26056535686	171.572955873
2.26382818765	167.675360459
2.26709101844	163.858312562
2.27035384924	160.120122191
2.27361668003	156.459136384
2.27687951083	152.873738361
2.28014234162	149.36234668
2.28340517241	145.923414436
2.28666800321	142.555428455
2.289930834	139.25690853
2.2931936648	136.026406657
2.29645649559	132.862506303
2.29971932638	129.763821686
2.30298215718	126.728997069
2.30624498797	123.756706078
2.30950781877	120.845651031
2.31277064956	117.994562289
2.31603348035	115.202197613
2.31929631115	112.467341548
2.32255914194	109.78880481
2.32582197273	107.165423701
2.32908480353	104.596059522
2.33234763432	102.079598015
2.33561046512	99.6149488086
2.33887329591	97.2010448824
2.3421361267	94.8368420383
2.3453989575	92.5213183905
2.34866178829	90.2534738633
2.35192461909	88.0323297029
2.35518744988	85.8569279999
2.35845028067	83.7263312229
2.36171311147	81.639621764
2.36497594226	79.595901494
2.36823877306	77.5942913283
2.37150160385	75.6339308035
2.37476443464	73.7139776635
2.37802726544	71.833607455
2.38129009623	69.9920131331
2.38455292702	68.1884046757
2.38781575782	66.4220087069
2.39107858861	64.6920681294
2.39434141941	62.9978417653
2.3976042502	61.3386040048
2.40086708099	59.7136444642
2.40412991179	58.1222676507
2.40739274258	56.5637926351
2.41065557338	55.037552733
2.41391840417	53.5428951921
2.41718123496	52.0791808876
2.42044406576	50.6457840241
2.42370689655	49.2420918448
2.42696972735	47.8675043469
2.43023255814	46.521434004
2.43349538893	45.2033054943
2.43675821973	43.9125554356
2.44002105052	42.6486321262
2.44328388132	41.4109952913
2.44654671211	40.1991158355
2.4498095429	39.0124756013
2.4530723737	37.8505671324
2.45633520449	36.7128934427
2.45959803528	35.5989677908
2.46286086608	34.5083134591
2.46612369687	33.440463538
2.46938652767	32.3949607156
2.47264935846	31.3713570714
2.47591218925	30.3692138748
2.47917502005	29.3881013885
2.48243785084	28.4275986758
2.48570068164	27.4872934131
2.48896351243	26.5667817052
2.49222634322	25.6656679062
2.49548917402	24.7835644435
2.49875200481	23.9200916463
2.50201483561	23.074877577
2.5052776664	22.2475578678
2.50854049719	21.4377755596
2.51180332799	20.6451809452
2.51506615878	19.8694314159
2.51832898957	19.1101913112
2.52159182037	18.3671317724
2.52485465116	17.6399305987
2.52811748196	16.9282721072
2.53138031275	16.2318469956
2.53464314354	15.5503522079
2.53790597434	14.8834908033
2.54116880513	14.2309718278
2.54443163593	13.5925101886
2.54769446672	12.9678265318
2.55095729751	12.3566471217
2.55422012831	11.7587037236
2.5574829591	11.1737334893
2.5607457899	10.6014788442
2.56400862069	10.041687378
2.56727145148	9.49411173651
2.57053428228	8.95850951725
2.57379711307	8.43464316604
2.57705994387	7.92227987667
2.58032277466	7.42119149237
2.58358560545	6.93115440955
2.58684843625	6.45194948357
2.59011126704	5.9833619366
2.59337409783	5.52518126746
2.59663692863	5.07720116337
2.59989975942	4.63921941364
2.60316259022	4.21103782525
2.60642542101	3.79246214016
2.6096882518	3.3833019545
2.6129510826	2.98337063943
2.61621391339	2.59248526372
2.61947674419	2.210466518
2.62273957498	1.83713864061
2.62600240577	1.47232934506
2.62926523657	1.11586974905
2.63252806736	0.767594304933
2.63579089816	0.427340731773
2.63905372895	0.0949499487635
2.64231655974	-0.229733989898
2.64557939054	-0.546863958763
2.64884222133	-0.856589823522
2.65210505213	-1.15905850208
2.65536788292	-1.45441402433
2.65863071371	-1.74279759065
2.66189354451	-2.02434762923
2.6651563753	-2.29919985205
2.66841920609	-2.56748730982
2.67168203689	-2.82934044569
2.67494486768	-3.08488714784
2.67820769848	-3.33425280095
2.68147052927	-3.5775603366
2.68473336006	-3.81493028264
2.68799619086	-4.04648081148
2.69125902165	-4.27232778738
2.69452185245	-4.49258481277
2.69778468324	-4.70736327355
2.70104751403	-4.91677238355
2.70431034483	-5.12091922793
2.70757317562	-5.31990880573
2.71083600642	-5.51384407162
2.71409883721	-5.70282597662
2.717361668	-5.88695350808
2.7206244988	-6.06632372883
2.72388732959	-6.24103181546
2.72715016038	-6.41117109587
2.73041299118	-6.57683308597
2.73367582197	-6.73810752572
2.73693865277	-6.89508241431
2.74020148356	-7.04784404474
2.74346431435	-7.19647703753
2.74672714515	-7.3410643739
2.74998997594	-7.48168742818
2.75325280674	-7.61842599953
2.75651563753	-7.75135834305
2.75977846832	-7.8805612003
2.76304129912	-8.00610982907
2.76630412991	-8.12807803264
2.76956696071	-8.24653818841
2.7728297915	-8.36156127596
2.77609262229	-8.47321690448
2.77935545309	-8.58157333972
2.78261828388	-8.68669753034
2.78588111468	-8.78865513376
2.78914394547	-8.88751054139
2.79240677626	-8.98332690351
2.79566960706	-9.07616615349
2.79893243785	-9.16608903159
2.80219526864	-9.25315510829
2.80545809944	-9.33742280712
2.80872093023	-9.41894942701
2.81198376103	-9.49779116422
2.81524659182	-9.57400313385
2.81850942261	-9.64763939086
2.82177225341	-9.71875295067
2.8250350842	-9.78739580941
2.828297915	-9.85361896371
2.83156074579	-9.91747243005
2.83482357658	-9.97900526385
2.83808640738	-10.038265578
2.84134923817	-10.0953005613
2.84461206897	-10.1501564962
2.84787489976	-10.2028787761
2.85113773055	-10.2535119232
2.85440056135	-10.3020996046
2.85766339214	-10.3486846494
2.86092622294	-10.3933090644
2.86418905373	-10.4360140502
2.86745188452	-10.4768400168
2.87071471532	-10.5158265985
2.87397754611	-10.5530126694
2.8772403769	-10.5884363573
2.8805032077	-10.6221350586
2.88376603849	-10.6541454522
2.88702886929	-10.684503513
2.89029170008	-10.713244526
2.89355453087	-10.7404030988
2.89681736167	-10.7660131751
2.90008019246	-10.7901080474
2.90334302326	-10.8127203691
2.90660585405	-10.8338821672
2.90986868484	-10.8536248537
2.91313151564	-10.8719792379
2.91639434643	-10.8889755377
2.91965717723	-10.9046433908
2.92292000802	-10.9190118658
2.92618283881	-10.9321094733
2.92944566961	-10.943964176
2.9327085004	-10.9546033998
2.93597133119	-10.9640540433
2.93923416199	-10.9723424886
2.94249699278	-10.9794946104
2.94575982358	-10.9855357862
2.94902265437	-10.9904909053
2.95228548516	-10.9943843786
2.95554831596	-10.997240147
2.95881114675	-10.9990816909
2.96207397755	-10.9999320386
2.96533680834	-10.999813775
2.96859963913	-10.9987490501
2.97186246993	-10.9967595869
2.97512530072	-10.9938666897
2.97838813152	-10.9900912522
2.98165096231	-10.9854537648
2.9849137931	-10.9799743227
2.9881766239	-10.973672633
2.99143945469	-10.9665680223
2.99470228549	-10.9586794436
2.99796511628	-10.9500254836
3.00122794707	-10.9406243696
3.00449077787	-10.9304939761
3.00775360866	-10.9196518314
3.01101643945	-10.9081151245
3.01427927025	-10.895900711
3.01754210104	-10.8830251198
3.02080493184	-10.8695045591
3.02406776263	-10.8553549221
3.02733059342	-10.8405917936
3.03059342422	-10.8252304551
3.03385625501	-10.809285891
3.03711908581	-10.7927727939
3.0403819166	-10.7757055702
3.04364474739	-10.7580983454
3.04690757819	-10.7399649695
3.05017040898	-10.721319022
3.05343323978	-10.7021738171
3.05669607057	-10.6825424085
3.05995890136	-10.6624375946
3.06322173216	-10.641871923
3.06648456295	-10.6208576953
3.06974739374	-10.5994069715
3.07301022454	-10.5775315751
3.07627305533	-10.5552430968
3.07953588613	-10.5325528994
3.08279871692	-10.5094721217
3.08606154771	-10.486011683
3.08932437851	-10.4621822871
3.0925872093	-10.437994426
3.0958500401	-10.4134583844
3.09911287089	-10.3885842434
3.10237570168	-10.3633818838
3.10563853248	-10.3378609907
3.10890136327	-10.3120310566
3.11216419407	-10.285901385
3.11542702486	-10.259481094
3.11868985565	-10.2327791202
3.12195268645	-10.2058042212
3.12521551724	-10.1785649798
3.12847834804	-10.1510698067
3.13174117883	-10.123326944
3.13500400962	-10.0953444683
3.13826684042	-10.0671302935
3.14152967121	-10.0386921744
3.144792502	-10.0100377093
3.1480553328	-9.98117434267
3.15131816359	-9.95210936868
3.15458099439	-9.92284993346
3.15784382518	-9.89340303809
3.16110665597	-9.86377554126
3.16436948677	-9.83397416192
3.16763231756	-9.80400548188
3.17089514836	-9.77387594841
3.17415797915	-9.74359187671
3.17742080994	-9.71315945236
3.18068364074	-9.68258473381
3.18394647153	-9.65187365466
3.18720930233	-9.62103202606
3.19047213312	-9.59006553897
3.19373496391	-9.55897976637
3.19699779471	-9.52778016554
3.2002606255	-9.49647208014
3.2035234563	-9.46506074236
3.20678628709	-9.43355127504
3.21004911788	-9.40194869364
3.21331194868	-9.3702579083
3.21657477947	-9.33848372578
3.21983761026	-9.30663085141
3.22310044106	-9.27470389096
3.22636327185	-9.24270735254
3.22962610265	-9.21064564839
3.23288893344	-9.17852309666
3.23615176423	-9.14634392323
3.23941459503	-9.11411226338
3.24267742582	-9.08183216351
3.24594025662	-9.0495075828
3.24920308741	-9.01714239483
3.2524659182	-8.98474038921
3.255728749	-8.95230527311
3.25899157979	-8.91984067287
3.26225441059	-8.88735013545
3.26551724138	-8.85483712994
3.26878007217	-8.82230504906
3.27204290297	-8.78975721052
3.27530573376	-8.75719685848
3.27856856455	-8.72462716494
3.28183139535	-8.69205123105
3.28509422614	-8.65947208847
3.28835705694	-8.62689270068
3.29161988773	-8.59431596425
3.29488271852	-8.56174471011
3.29814554932	-8.52918170478
3.30140838011	-8.49662965159
3.30467121091	-8.46409119185
3.3079340417	-8.43156890606
3.31119687249	-8.39906531501
3.31445970329	-8.36658288096
3.31772253408	-8.33412400869
3.32098536488	-8.30169104663
3.32424819567	-8.2692862879
3.32751102646	-8.23691197139
3.33077385726	-8.20457028274
3.33403668805	-8.17226335539
3.33729951885	-8.13999327154
3.34056234964	-8.10776206316
3.34382518043	-8.0755717129
3.34708801123	-8.04342415506
3.35035084202	-8.0113212765
3.35361367281	-7.97926491755
3.35687650361	-7.94725687287
3.3601393344	-7.91529889236
3.3634021652	-7.88339268198
3.36666499599	-7.85153990461
3.36992782678	-7.81974218088
3.37319065758	-7.78800108995
3.37645348837	-7.75631817034
3.37971631917	-7.72469492067
3.38297914996	-7.69313280046
3.38624198075	-7.66163323087
3.38950481155	-7.63019759542
3.39276764234	-7.59882724076
3.39603047314	-7.56752347733
3.39929330393	-7.53628758008
3.40255613472	-7.50512078916
3.40581896552	-7.47402431059
3.40908179631	-7.44299931692
3.41234462711	-7.41204694787
3.4156074579	-7.381168311
3.41887028869	-7.35036448228
3.42213311949	-7.31963650675
3.42539595028	-7.2889853991
3.42865878107	-7.25841214429
3.43192161187	-7.22791769808
3.43518444266	-7.19750298766
3.43844727346	-7.16716891215
3.44171010425	-7.13691634322
3.44497293504	-7.10674612555
3.44823576584	-7.07665907743
3.45149859663	-7.04665599125
3.45476142743	-7.016737634
3.45802425822	-6.98690474778
3.46128708901	-6.95715805032
3.46454991981	-6.92749823543
3.4678127506	-6.89792597346
3.4710755814	-6.86844191184
3.47433841219	-6.83904667545
3.47760124298	-6.80974086713
3.48086407378	-6.78052506808
3.48412690457	-6.75139983834
3.48738973536	-6.72236571715
3.49065256616	-6.69342322346
3.49391539695	-6.66457285622
3.49717822775	-6.6358150949
3.50044105854	-6.60715039982
3.50370388933	-6.57857921253
3.50696672013	-6.55010195623
3.51022955092	-6.52171903613
3.51349238172	-6.4934308398
3.51675521251	-6.46523773755
3.5200180433	-6.43714008278
3.5232808741	-6.40913821231
3.52654370489	-6.38123244674
3.52980653569	-6.35342309079
3.53306936648	-6.32571043362
3.53633219727	-6.29809474914
3.53959502807	-6.27057629633
3.54285785886	-6.24315531958
3.54612068966	-6.21583204896
3.54938352045	-6.18860670055
3.55264635124	-6.16147947669
3.55590918204	-6.13445056632
3.55917201283	-6.10752014524
3.56243484362	-6.08068837638
3.56569767442	-6.05395541007
3.56896050521	-6.02732138436
3.57222333601	-6.0007864252
3.5754861668	-5.97435064676
3.57874899759	-5.94801415168
3.58201182839	-5.92177703128
3.58527465918	-5.89563936584
3.58853748998	-5.86960122484
3.59180032077	-5.84366266717
3.59506315156	-5.81782374138
3.59832598236	-5.7920844859
3.60158881315	-5.76644492928
3.60485164395	-5.74090509039
3.60811447474	-5.71546497863
3.61137730553	-5.69012459415
3.61464013633	-5.66488392806
3.61790296712	-5.63974296265
3.62116579791	-5.61470167155
3.62442862871	-5.58976001993
3.6276914595	-5.56491796475
3.6309542903	-5.54017545485
3.63421712109	-5.51553243125
3.63747995188	-5.49098882723
3.64074278268	-5.46654456856
3.64400561347	-5.44219957366
3.64726844427	-5.41795375381
3.65053127506	-5.39380701323
3.65379410585	-5.36975924934
3.65705693665	-5.34581035287
3.66031976744	-5.32196020803
3.66358259824	-5.29820869268
3.66684542903	-5.27455567844
3.67010825982	-5.2510010309
3.67337109062	-5.22754460974
3.67663392141	-5.20418626884
3.67989675221	-5.1809258565
3.683159583	-5.1577632155
3.68642241379	-5.13469818329
3.68968524459	-5.11173059211
3.69294807538	-5.08886026909
3.69621090617	-5.06608703644
3.69947373697	-5.04341071153
3.70273656776	-5.02083110702
3.70599939856	-4.998348031
3.70926222935	-4.97596128711
3.71252506014	-4.95367067462
3.71578789094	-4.9314759886
3.71905072173	-4.90937701999
3.72231355253	-4.88737355573
3.72557638332	-4.86546537887
3.72883921411	-4.84365226867
3.73210204491	-4.8219340007
3.7353648757	-4.80031034696
3.7386277065	-4.77878107596
3.74189053729	-4.75734595285
3.74515336808	-4.73600473946
3.74841619888	-4.71475719447
3.75167902967	-4.69360307344
3.75494186047	-4.67254212894
3.75820469126	-4.6515741106
3.76146752205	-4.63069876526
3.76473035285	-4.60991583699
3.76799318364	-4.58922506722
3.77125601443	-4.56862619481
3.77451884523	-4.5481189561
3.77778167602	-4.52770308505
3.78104450682	-4.50737831327
3.78430733761	-4.48714437013
3.7875701684	-4.46700098279
3.7908329992	-4.44694787633
3.79409582999	-4.42698477377
3.79735866079	-4.40711139619
3.80062149158	-4.38732746274
3.80388432237	-4.36763269078
3.80714715317	-4.34802679588
3.81040998396	-4.32850949192
3.81367281476	-4.30908049117
3.81693564555	-4.2897395043
3.82019847634	-4.2704862405
3.82346130714	-4.25132040748
3.82672413793	-4.23224171159
3.82998696872	-4.21324985784
3.83324979952	-4.19434454997
3.83651263031	-4.1755254905
3.83977546111	-4.15679238078
3.8430382919	-4.13814492106
3.84630112269	-4.11958281052
3.84956395349	-4.10110574736
3.85282678428	-4.08271342878
3.85608961508	-4.06440555112
3.85935244587	-4.04618180982
3.86261527666	-4.02804189954
3.86587810746	-4.00998551416
3.86914093825	-3.99201234683
3.87240376905	-3.97412209004
3.87566659984	-3.95631443564
3.87892943063	-3.93858907489
3.88219226143	-3.92094569851
3.88545509222	-3.90338399668
3.88871792302	-3.88590365916
3.89198075381	-3.86850437524
3.8952435846	-3.85118583384
3.8985064154	-3.83394772351
3.90176924619	-3.8167897325
3.90503207698	-3.79971154878
3.90829490778	-3.78271286005
3.91155773857	-3.76579335381
3.91482056937	-3.74895271739
3.91808340016	-3.73219063797
3.92134623095	-3.71550680261
3.92460906175	-3.69890089828
3.92787189254	-3.68237261193
3.93113472334	-3.66592163044
3.93439755413	-3.64954764074
3.93766038492	-3.63325032978
3.94092321572	-3.61702938457
3.94418604651	-3.60088449221
3.94744887731	-3.58481533994
3.9507117081	-3.56882161511
3.95397453889	-3.55290300526
3.95723736969	-3.53705919814
3.96050020048	-3.52128988169
3.96376303128	-3.50559474411
3.96702586207	-3.48997347387
3.97028869286	-3.47442575971
3.97355152366	-3.4589512907
3.97681435445	-3.44354975625
3.98007718524	-3.4282208461
3.98334001604	-3.41296425038
3.98660284683	-3.39777965963
3.98986567763	-3.38266676477
3.99312850842	-3.36762525719
3.99639133921	-3.35265482872
3.99965417001	-3.33775517165
4.0029170008	-3.32292597878
4.0061798316	-3.3081669434
4.00944266239	-3.29347775934
4.01270549318	-3.27885812097
4.01596832398	-3.26430772319
4.01923115477	-3.24982626151
4.02249398557	-3.23541343201
4.02575681636	-3.22106893138
4.02901964715	-3.2067924569
4.03228247795	-3.19258370653
4.03554530874	-3.17844237884
4.03880813953	-3.16436817306
4.04207097033	-3.15036078912
4.04533380112	-3.13641992761
4.04859663192	-3.12254528982
4.05185946271	-3.10873657776
4.0551222935	-3.09499349415
4.0583851243	-3.08131574245
4.06164795509	-3.06770302687
4.06491078589	-3.05415505235
4.06817361668	-3.04067152463
4.07143644747	-3.02725215019
4.07469927827	-3.01389663632
4.07796210906	-3.0006046911
4.08122493986	-2.9873760234
4.08448777065	-2.97421034292
4.08775060144	-2.96110736017
4.09101343224	-2.9480667865
4.09427626303	-2.93508833408
4.09753909383	-2.92217171596
4.10080192462	-2.909316646
4.10406475541	-2.89652283897
4.10732758621	-2.88379001046
4.110590417	-2.87111787696
4.11385324779	-2.85850615585
4.11711607859	-2.84595456539
4.12037890938	-2.83346282473
4.12364174018	-2.82103065392
4.12690457097	-2.80865777392
4.13016740176	-2.79634390662
4.13343023256	-2.78408877479
4.13669306335	-2.77189210216
4.13995589415	-2.75975361336
4.14321872494	-2.74767303398
4.14648155573	-2.73565009052
4.14974438653	-2.72368451044
4.15300721732	-2.71177602214
4.15627004812	-2.69992435497
4.15953287891	-2.68812923923
4.1627957097	-2.67639040618
4.1660585405	-2.66470758805
4.16932137129	-2.65308051802
4.17258420209	-2.64150893025
4.17584703288	-2.62999255986
4.17910986367	-2.61853114295
4.18237269447	-2.6071244166
4.18563552526	-2.59577211886
4.18889835605	-2.58447398876
4.19216118685	-2.57322976632
4.19542401764	-2.56203919256
4.19868684844	-2.55090200945
4.20194967923	-2.53981795998
4.20521251002	-2.52878678812
4.20847534082	-2.51780823884
4.21173817161	-2.5068820581
4.21500100241	-2.49600799285
4.2182638332	-2.48518579104
4.22152666399	-2.47441520162
4.22478949479	-2.46369597455
4.22805232558	-2.45302786076
4.23131515638	-2.44241061221
4.23457798717	-2.43184398185
4.23784081796	-2.42132772363
4.24110364876	-2.4108615925
4.24436647955	-2.40044534442
4.24762931034	-2.39007873634
4.25089214114	-2.37976152624
4.25415497193	-2.36949347306
4.25741780273	-2.35927433679
4.26068063352	-2.34910387839
4.26394346431	-2.33898185983
4.26720629511	-2.32890804408
4.2704691259	-2.31888219513
4.2737319567	-2.30890407794
4.27699478749	-2.29897345849
4.28025761828	-2.28909010377
4.28352044908	-2.27925378175
4.28678327987	-2.26946426139
4.29004611067	-2.25972131268
4.29330894146	-2.25002470658
4.29657177225	-2.24037421506
4.29983460305	-2.23076961107
4.30309743384	-2.22121066856
4.30636026464	-2.21169716247
4.30962309543	-2.20222886874
4.31288592622	-2.19280556429
4.31614875702	-2.18342702703
4.31941158781	-2.17409303586
4.3226744186	-2.16480337065
4.3259372494	-2.15555781227
4.32920008019	-2.14635614256
4.33246291099	-2.13719814435
4.33572574178	-2.12808360144
4.33898857257	-2.11901229861
4.34225140337	-2.10998402161
4.34551423416	-2.10099855716
4.34877706496	-2.09205569296
4.35203989575	-2.08315521767
4.35530272654	-2.07429692093
4.35856555734	-2.06548059331
4.36182838813	-2.05670602638
4.36509121893	-2.04797301266
4.36835404972	-2.0392813456
4.37161688051	-2.03063081964
4.37487971131	-2.02202123017
4.3781425421	-2.0134523735
4.38140537289	-2.00492404691
4.38466820369	-1.99643604863
4.38793103448	-1.98798817783
4.39119386528	-1.97958023461
4.39445669607	-1.97121202001
4.39771952686	-1.96288333602
4.40098235766	-1.95459398554
4.40424518845	-1.94634377243
4.40750801925	-1.93813250145
4.41077085004	-1.9299599783
4.41403368083	-1.9218260096
4.41729651163	-1.91373040288
4.42055934242	-1.9056729666
4.42382217322	-1.89765351012
4.42708500401	-1.88967184373
4.4303478348	-1.88172777861
4.4336106656	-1.87382112685
4.43687349639	-1.86595170146
4.44013632719	-1.85811931631
4.44339915798	-1.85032378622
4.44666198877	-1.84256492685
4.44992481957	-1.83484255479
4.45318765036	-1.8271564875
4.45645048115	-1.81950654333
4.45971331195	-1.81189254151
4.46297614274	-1.80431430215
4.46623897354	-1.79677164623
4.46950180433	-1.78926439561
4.47276463512	-1.78179237302
4.47602746592	-1.77435540205
4.47929029671	-1.76695330715
4.48255312751	-1.75958591366
4.4858159583	-1.75225304773
4.48907878909	-1.7449545364
4.49234161989	-1.73769020755
4.49560445068	-1.7304598899
4.49886728148	-1.72326341303
4.50213011227	-1.71610060736
4.50539294306	-1.70897130412
4.50865577386	-1.70187533541
4.51191860465	-1.69481253415
4.51518143545	-1.68778273408
4.51844426624	-1.68078576977
4.52170709703	-1.67382147663
4.52496992783	-1.66688969086
4.52823275862	-1.65999024949
4.53149558941	-1.65312299037
4.53475842021	-1.64628775214
4.538021251	-1.63948437427
4.5412840818	-1.63271269701
4.54454691259	-1.62597256143
4.54780974338	-1.61926380937
4.55107257418	-1.61258628349
4.55433540497	-1.60593982723
4.55759823577	-1.59932428481
4.56086106656	-1.59273950124
4.56412389735	-1.58618532231
4.56738672815	-1.57966159458
4.57064955894	-1.5731681654
4.57391238974	-1.56670488286
4.57717522053	-1.56027159585
4.58043805132	-1.55386815401
4.58370088212	-1.54749440774
4.58696371291	-1.54115020819
4.5902265437	-1.53483540727
4.5934893745	-1.52854985765
4.59675220529	-1.52229341274
4.60001503609	-1.51606592668
4.60327786688	-1.50986725437
4.60654069767	-1.50369725145
4.60980352847	-1.49755577428
4.61306635926	-1.49144267995
4.61632919006	-1.48535782629
4.61959202085	-1.47930107186
4.62285485164	-1.47327227591
4.62611768244	-1.46727129845
4.62938051323	-1.46129800017
4.63264334403	-1.4553522425
4.63590617482	-1.44943388754
4.63916900561	-1.44354279815
4.64243183641	-1.43767883784
4.6456946672	-1.43184187084
4.648957498	-1.42603176209
4.65222032879	-1.4202483772
4.65548315958	-1.41449158248
4.65874599038	-1.40876124493
4.66200882117	-1.40305723222
4.66527165196	-1.3973794127
4.66853448276	-1.39172765542
4.67179731355	-1.38610183008
4.67506014435	-1.38050180706
4.67832297514	-1.3749274574
4.68158580593	-1.36937865281
4.68484863673	-1.36385526566
4.68811146752	-1.35835716898
4.69137429832	-1.35288423645
4.69463712911	-1.3474363424
4.6978999599	-1.34201336183
4.7011627907	-1.33661517035
4.70442562149	-1.33124164423
4.70768845229	-1.32589266039
4.71095128308	-1.32056809637
4.71421411387	-1.31526783035
4.71747694467	-1.30999174113
4.72073977546	-1.30473970817
4.72400260626	-1.29951161151
4.72726543705	-1.29430733183
4.73052826784	-1.28912675045
4.73379109864	-1.28396974926
4.73705392943	-1.2788362108
4.74031676022	-1.2737260182
4.74357959102	-1.2686390552
4.74684242181	-1.26357520615
4.75010525261	-1.258534356
4.7533680834	-1.25351639028
4.75663091419	-1.24852119513
4.75989374499	-1.24354865728
4.76315657578	-1.23859866404
4.76641940658	-1.23367110332
4.76968223737	-1.2287658636
4.77294506816	-1.22388283394
4.77620789896	-1.21902190399
4.77947072975	-1.21418296395
4.78273356055	-1.20936590462
4.78599639134	-1.20457061734
4.78925922213	-1.19979699405
4.79252205293	-1.19504492721
4.79578488372	-1.19031430987
4.79904771451	-1.18560503564
4.80231054531	-1.18091699865
4.8055733761	-1.17625009362
4.8088362069	-1.1716042158
4.81209903769	-1.16697926099
4.81536186848	-1.16237512552
4.81862469928	-1.15779170629
4.82188753007	-1.15322890071
4.82515036087	-1.14868660673
4.82841319166	-1.14416472285
4.83167602245	-1.13966314807
4.83493885325	-1.13518178194
4.83820168404	-1.13072052453
4.84146451484	-1.12627927642
4.84472734563	-1.12185793873
4.84799017642	-1.11745641306
4.85125300722	-1.11307460157
4.85451583801	-1.1087124069
4.85777866881	-1.1043697322
4.8610414996	-1.10004648114
4.86430433039	-1.09574255787
4.86756716119	-1.09145786706
4.87082999198	-1.08719231388
4.87409282277	-1.08294580398
4.87735565357	-1.07871824351
4.88061848436	-1.07450953911
4.88388131516	-1.07031959791
4.88714414595	-1.06614832752
4.89040697674	-1.06199563603
4.89366980754	-1.05786143203
4.89693263833	-1.05374562456
4.90019546913	-1.04964812316
4.90345829992	-1.04556883781
4.90672113071	-1.041507679
4.90998396151	-1.03746455766
4.9132467923	-1.0334393852
4.9165096231	-1.02943207348
4.91977245389	-1.02544253483
4.92303528468	-1.02147068203
4.92629811548	-1.01751642833
4.92956094627	-1.01357968742
4.93282377706	-1.00966037343
4.93608660786	-1.00575840098
4.93934943865	-1.00187368509
4.94261226945	-0.998006141249
4.94587510024	-0.994155685382
4.94913793103	-0.990322233852
4.95240076183	-0.986505703461
4.95566359262	-0.982706011442
4.95892642342	-0.978923075464
4.96218925421	-0.975156813625
4.965452085	-0.971407144449
4.9687149158	-0.967673986887
4.97197774659	-0.963957260314
4.97524057739	-0.960256884523
4.97850340818	-0.956572779729
4.98176623897	-0.952904866563
4.98502906977	-0.949253066067
4.98829190056	-0.9456172997
4.99155473136	-0.941997489328
4.99481756215	-0.938393557226
4.99808039294	-0.934805426073
5.00134322374	-0.931233018953
5.00460605453	-0.927676259351
5.00786888532	-0.924135071152
5.01113171612	-0.920609378636
5.01439454691	-0.91709910648
5.01765737771	-0.913604179752
5.0209202085	-0.910124523914
5.02418303929	-0.906660064813
5.02744587009	-0.903210728685
5.03070870088	-0.899776442149
5.03397153168	-0.896357132207
5.03723436247	-0.892952726244
5.04049719326	-0.889563152019
5.04376002406	-0.886188337671
5.04702285485	-0.882828211712
5.05028568565	-0.879482703026
5.05354851644	-0.876151740868
5.05681134723	-0.872835254863
5.06007417803	-0.869533174999
5.06333700882	-0.866245431631
5.06659983962	-0.862971955477
5.06986267041	-0.859712677614
5.0731255012	-0.856467529479
5.076388332	-0.853236442864
5.07965116279	-0.850019349919
5.08291399358	-0.846816183143
5.08617682438	-0.843626875389
5.08943965517	-0.840451359858
5.09270248597	-0.837289570099
5.09596531676	-0.834141440006
5.09922814755	-0.831006903817
5.10249097835	-0.827885896111
5.10575380914	-0.824778351807
5.10901663994	-0.821684206164
5.11227947073	-0.818603394774
5.11554230152	-0.815535853566
5.11880513232	-0.812481518801
5.12206796311	-0.80944032707
5.12533079391	-0.806412215295
5.1285936247	-0.803397120724
5.13185645549	-0.80039498093
5.13511928629	-0.79740573381
5.13838211708	-0.794429317586
5.14164494787	-0.791465670796
5.14490777867	-0.788514732299
5.14817060946	-0.785576441271
5.15143344026	-0.782650737203
5.15469627105	-0.779737559898
5.15795910184	-0.776836849473
5.16122193264	-0.773948546353
5.16448476343	-0.771072591274
5.16774759423	-0.768208925276
5.17101042502	-0.765357489707
5.17427325581	-0.762518226215
5.17753608661	-0.759691076753
5.1807989174	-0.756875983573
5.1840617482	-0.754072889226
5.18732457899	-0.751281736558
5.19058740978	-0.748502468714
5.19385024058	-0.745735029129
5.19711307137	-0.742979361532
5.20037590217	-0.740235409944
5.20363873296	-0.737503118673
5.20690156375	-0.734782432315
5.21016439455	-0.732073295752
5.21342722534	-0.72937565415
5.21669005613	-0.726689452958
5.21995288693	-0.724014637908
5.22321571772	-0.72135115501
5.22647854852	-0.718698950552
5.22974137931	-0.7160579711
5.2330042101	-0.713428163494
5.2362670409	-0.71080947485
5.23952987169	-0.708201852554
5.24279270249	-0.705605244264
5.24605553328	-0.703019597907
5.24931836407	-0.700444861678
5.25258119487	-0.697880984038
5.25584402566	-0.695327913715
5.25910685646	-0.692785599698
5.26236968725	-0.690253991239
5.26563251804	-0.687733037853
5.26889534884	-0.685222689311
5.27215817963	-0.682722895644
5.27542101043	-0.680233607138
5.27868384122	-0.677754774337
5.28194667201	-0.675286348035
5.28520950281	-0.672828279282
5.2884723336	-0.670380519375
5.29173516439	-0.667943019866
5.29499799519	-0.66551573255
5.29826082598	-0.663098609473
5.30152365678	-0.660691602925
5.30478648757	-0.658294665439
5.30804931836	-0.655907749793
5.31131214916	-0.653530809007
5.31457497995	-0.65116379634
5.31783781075	-0.648806665289
5.32110064154	-0.646459369593
5.32436347233	-0.644121863223
5.32762630313	-0.641794100388
5.33088913392	-0.63947603553
5.33415196472	-0.637167623322
5.33741479551	-0.634868818673
5.3406776263	-0.632579576717
5.3439404571	-0.630299852821
5.34720328789	-0.628029602577
5.35046611868	-0.625768781804
5.35372894948	-0.623517346548
5.35699178027	-0.621275253076
5.36025461107	-0.619042457881
5.36351744186	-0.616818917676
5.36678027265	-0.614604589394
5.37004310345	-0.612399430188
5.37330593424	-0.610203397429
5.37656876504	-0.608016448704
5.37983159583	-0.605838541816
5.38309442662	-0.603669634785
5.38635725742	-0.60150968584
5.38962008821	-0.599358653425
5.39288291901	-0.597216496196
5.3961457498	-0.595083173015
5.39940858059	-0.592958642957
5.40267141139	-0.590842865302
5.40593424218	-0.588735799538
5.40919707298	-0.586637405357
5.41245990377	-0.584547642657
5.41572273456	-0.582466471538
5.41898556536	-0.580393852303
5.42224839615	-0.578329745455
5.42551122694	-0.576274111697
5.42877405774	-0.574226911933
5.43203688853	-0.572188107261
5.43529971933	-0.570157658979
5.43856255012	-0.56813552858
5.44182538091	-0.56612167775
5.44508821171	-0.56411606837
5.4483510425	-0.562118662514
5.4516138733	-0.560129422446
5.45487670409	-0.558148310621
5.45813953488	-0.556175289684
5.46140236568	-0.554210322467
5.46466519647	-0.552253371992
5.46792802727	-0.550304401465
5.47119085806	-0.548363374277
5.47445368885	-0.546430254006
5.47771651965	-0.544505004412
5.48097935044	-0.542587589435
5.48424218123	-0.540677973201
5.48750501203	-0.538776120013
5.49076784282	-0.536881994356
5.49403067362	-0.53499556089
5.49729350441	-0.533116784455
5.5005563352	-0.531245630069
5.503819166	-0.529382062922
5.50708199679	-0.527526048381
5.51034482759	-0.525677551987
5.51360765838	-0.523836539453
5.51687048917	-0.522002976663
5.52013331997	-0.520176829674
5.52339615076	-0.518358064712
5.52665898156	-0.516546648171
5.52992181235	-0.514742546616
5.53318464314	-0.512945726777
5.53644747394	-0.511156155552
5.53971030473	-0.509373800003
5.54297313553	-0.507598627357
5.54623596632	-0.505830605005
5.54949879711	-0.504069700502
5.55276162791	-0.502315881564
5.5560244587	-0.500569116068
5.55928728949	-0.498829372052
5.56255012029	-0.497096617711
5.56581295108	-0.495370821403
5.56907578188	-0.493651951639
5.57233861267	-0.491939977091
5.57560144346	-0.490234866584
5.57886427426	-0.4885365891
5.58212710505	-0.486845113774
5.58538993585	-0.485160409896
5.58865276664	-0.483482446907
5.59191559743	-0.481811194402
5.59517842823	-0.480146622126
5.59844125902	-0.478488699974
5.60170408982	-0.47683739799
5.60496692061	-0.475192686368
5.6082297514	-0.47355453545
5.6114925822	-0.471922915724
5.61475541299	-0.470297797825
5.61801824379	-0.468679152533
5.62128107458	-0.467066950774
5.62454390537	-0.465461163616
5.62780673617	-0.463861762272
5.63106956696	-0.462268718096
5.63433239775	-0.460682002585
5.63759522855	-0.459101587377
5.64085805934	-0.457527444249
5.64412089014	-0.455959545119
5.64738372093	-0.454397862041
5.65064655172	-0.45284236721
5.65390938252	-0.451293032957
5.65717221331	-0.44974983175
5.66043504411	-0.448212736191
5.6636978749	-0.446681719019
5.66696070569	-0.445156753106
5.67022353649	-0.443637811459
5.67348636728	-0.442124867218
5.67674919808	-0.440617893653
5.68001202887	-0.439116864167
5.68327485966	-0.437621752294
5.68653769046	-0.436132531699
5.68980052125	-0.434649176173
5.69306335204	-0.43317165964
5.69632618284	-0.431699956149
5.69958901363	-0.430234039878
5.70285184443	-0.428773885131
5.70611467522	-0.427319466337
5.70937750601	-0.425870758053
5.71264033681	-0.424427734959
5.7159031676	-0.422990371858
5.7191659984	-0.421558643679
5.72242882919	-0.420132525472
5.72569165998	-0.418711992409
5.72895449078	-0.417297019784
5.73221732157	-0.415887583012
5.73548015237	-0.414483657627
5.73874298316	-0.413085219284
5.74200581395	-0.411692243756
5.74526864475	-0.410304706934
5.74853147554	-0.408922584828
5.75179430634	-0.407545853563
5.75505713713	-0.406174489382
5.75831996792	-0.404808468643
5.76158279872	-0.403447767819
5.76484562951	-0.402092363499
5.7681084603	-0.400742232385
5.7713712911	-0.399397351291
5.77463412189	-0.398057697146
5.77789695269	-0.39672324699
5.78115978348	-0.395393977975
5.78442261427	-0.394069867363
5.78768544507	-0.392750892527
5.79094827586	-0.391437030951
5.79421110666	-0.390128260227
5.79747393745	-0.388824558056
5.80073676824	-0.387525902246
5.80399959904	-0.386232270715
5.80726242983	-0.384943641485
5.81052526063	-0.383659992687
5.81378809142	-0.382381302556
5.81705092221	-0.381107549433
5.82031375301	-0.379838711765
5.8235765838	-0.3785747681
5.8268394146	-0.377315697094
5.83010224539	-0.376061477501
5.83336507618	-0.374812088182
5.83662790698	-0.373567508099
5.83989073777	-0.372327716312
5.84315356856	-0.371092691988
5.84641639936	-0.369862414388
5.84967923015	-0.368636862879
5.85294206095	-0.367416016922
5.85620489174	-0.366199856081
5.85946772253	-0.364988360015
5.86273055333	-0.363781508485
5.86599338412	-0.362579281344
5.86925621492	-0.361381658546
5.87251904571	-0.36018862014
5.8757818765	-0.35900014627
5.8790447073	-0.357816217177
5.88230753809	-0.356636813195
5.88557036889	-0.355461914754
5.88883319968	-0.354291502376
5.89209603047	-0.353125556678
5.89535886127	-0.351964058368
5.89862169206	-0.350806988249
5.90188452285	-0.349654327214
5.90514735365	-0.348506056247
5.90841018444	-0.347362156424
5.91167301524	-0.346222608912
5.91493584603	-0.345087394966
5.91819867682	-0.343956495932
5.92146150762	-0.342829893246
5.92472433841	-0.34170756843
5.92798716921	-0.340589503095
5.93125	-0.339475678942
5.93451283079	-0.338366077755
5.93777566159	-0.337260681409
5.94103849238	-0.336159471863
5.94430132318	-0.335062431162
5.94756415397	-0.333969541437
5.95082698476	-0.332880784904
5.95408981556	-0.331796143862
5.95735264635	-0.330715600697
5.96061547715	-0.329639137876
5.96387830794	-0.32856673795
5.96714113873	-0.327498383554
5.97040396953	-0.326434057404
5.97366680032	-0.325373742299
5.97692963111	-0.324317421118
5.98019246191	-0.323265076823
5.9834552927	-0.322216692455
5.9867181235	-0.321172251136
5.98998095429	-0.320131736069
5.99324378508	-0.319095130534
5.99650661588	-0.318062417892
5.99976944667	-0.317033581583
6.00303227747	-0.316008605122
6.00629510826	-0.314987472106
6.00955793905	-0.313970166207
6.01282076985	-0.312956671174
6.01608360064	-0.311946970834
6.01934643144	-0.310941049089
6.02260926223	-0.309938889917
6.02587209302	-0.308940477372
6.02913492382	-0.307945795582
6.03239775461	-0.306954828752
6.0356605854	-0.305967561159
6.0389234162	-0.304983977154
6.04218624699	-0.304004061163
6.04544907779	-0.303027797685
6.04871190858	-0.302055171289
6.05197473937	-0.301086166621
6.05523757017	-0.300120768396
6.05850040096	-0.2991589614
6.06176323176	-0.298200730493
6.06502606255	-0.297246060603
6.06828889334	-0.296294936732
6.07155172414	-0.29534734395
6.07481455493	-0.294403267397
6.07807738573	-0.293462692282
6.08134021652	-0.292525603884
6.08460304731	-0.291591987552
6.08786587811	-0.290661828701
6.0911287089	-0.289735112816
6.0943915397	-0.288811825448
6.09765437049	-0.287891952217
6.10091720128	-0.286975478809
6.10418003208	-0.286062390978
6.10744286287	-0.285152674542
6.11070569366	-0.284246315389
6.11396852446	-0.283343299468
6.11723135525	-0.282443612797
6.12049418605	-0.281547241457
6.12375701684	-0.280654171595
6.12701984763	-0.279764389422
6.13028267843	-0.278877881212
6.13354550922	-0.277994633304
6.13680834002	-0.2771146321
6.14007117081	-0.276237864065
6.1433340016	-0.275364315727
6.1465968324	-0.274493973676
6.14985966319	-0.273626824565
6.15312249399	-0.272762855108
6.15638532478	-0.271902052081
6.15964815557	-0.27104440232
6.16291098637	-0.270189892724
6.16617381716	-0.26933851025
6.16943664796	-0.268490241918
6.17269947875	-0.267645074806
6.17596230954	-0.266802996053
6.17922514034	-0.265963992856
6.18248797113	-0.265128052471
6.18575080192	-0.264295162214
6.18901363272	-0.26346530946
6.19227646351	-0.26263848164
6.19553929431	-0.261814666245
6.1988021251	-0.260993850821
6.20206495589	-0.260176022974
6.20532778669	-0.259361170365
6.20859061748	-0.258549280714
6.21185344828	-0.257740341795
6.21511627907	-0.256934341439
6.21837910986	-0.256131267534
6.22164194066	-0.255331108022
6.22490477145	-0.254533850901
6.22816760225	-0.253739484225
6.23143043304	-0.2529479961
6.23469326383	-0.252159374689
6.23795609463	-0.251373608208
6.24121892542	-0.250590684929
6.24448175621	-0.249810593174
6.24774458701	-0.249033321321
6.2510074178	-0.248258857802
6.2542702486	-0.247487191099
6.25753307939	-0.246718309748
6.26079591018	-0.245952202338
6.26405874098	-0.245188857509
6.26732157177	-0.244428263954
6.27058440257	-0.243670410416
6.27384723336	-0.24291528569
6.27711006415	-0.242162878623
6.28037289495	-0.241413178111
6.28363572574	-0.240666173102
6.28689855654	-0.239921852594
6.29016138733	-0.239180205634
6.29342421812	-0.23844122132
6.29668704892	-0.2377048888
6.29994987971	-0.236971197269
6.30321271051	-0.236240135973
6.3064755413	-0.235511694207
6.30973837209	-0.234785861312
6.31300120289	-0.234062626681
6.31626403368	-0.233341979752
6.31952686447	-0.232623910013
6.32278969527	-0.231908406997
6.32605252606	-0.231195460288
6.32931535686	-0.230485059513
6.33257818765	-0.22977719435
6.33584101844	-0.22907185452
6.33910384924	-0.228369029794
6.34236668003	-0.227668709985
6.34562951083	-0.226970884957
6.34889234162	-0.226275544614
6.35215517241	-0.225582678911
6.35541800321	-0.224892277844
6.358680834	-0.224204331457
6.3619436648	-0.223518829838
6.36520649559	-0.222835763119
6.36846932638	-0.222155121476
6.37173215718	-0.221476895131
6.37499498797	-0.220801074348
6.37825781877	-0.220127649436
6.38152064956	-0.219456610748
6.38478348035	-0.218787948679
6.38804631115	-0.218121653667
6.39130914194	-0.217457716195
6.39457197273	-0.216796126786
6.39783480353	-0.216136876007
6.40109763432	-0.215479954466
6.40436046512	-0.214825352816
6.40762329591	-0.214173061749
6.4108861267	-0.213523071999
6.4141489575	-0.212875374342
6.41741178829	-0.212229959596
6.42067461909	-0.211586818618
6.42393744988	-0.210945942308
6.42720028067	-0.210307321606
6.43046311147	-0.209670947491
6.43372594226	-0.209036810984
6.43698877306	-0.208404903145
6.44025160385	-0.207775215075
6.44351443464	-0.207147737913
6.44677726544	-0.206522462839
6.45004009623	-0.205899381072
6.45330292702	-0.205278483868
6.45656575782	-0.204659762525
6.45982858861	-0.204043208378
6.46309141941	-0.2034288128
6.4663542502	-0.202816567204
6.46961708099	-0.20220646304
6.47287991179	-0.201598491795
6.47614274258	-0.200992644996
6.47940557338	-0.200388914207
6.48266840417	-0.199787291027
6.48593123496	-0.199187767096
6.48919406576	-0.198590334088
6.49245689655	-0.197994983714
6.49571972735	-0.197401707725
6.49898255814	-0.196810497903
6.50224538893	-0.196221346072
6.50550821973	-0.195634244089
6.50877105052	-0.195049183846
6.51203388132	-0.194466157273
6.51529671211	-0.193885156336
6.5185595429	-0.193306173033
6.5218223737	-0.192729199402
6.52508520449	-0.192154227512
6.52834803528	-0.19158124947
6.53161086608	-0.191010257414
6.53487369687	-0.190441243521
6.53813652767	-0.1898742
6.54139935846	-0.189309119094
6.54466218925	-0.188745993081
6.54792502005	-0.188184814272
6.55118785084	-0.187625575014
6.55445068164	-0.187068267684
6.55771351243	-0.186512884696
6.56097634322	-0.185959418494
6.56423917402	-0.185407861558
6.56750200481	-0.1848582064
6.57076483561	-0.184310445564
6.5740276664	-0.183764571627
6.57729049719	-0.183220577199
6.58055332799	-0.182678454922
6.58381615878	-0.182138197469
6.58707898957	-0.181599797548
6.59034182037	-0.181063247896
6.59360465116	-0.180528541283
6.59686748196	-0.179995670511
6.60013031275	-0.179464628411
6.60339314354	-0.178935407848
6.60665597434	-0.178408001716
6.60991880513	-0.177882402943
6.61318163593	-0.177358604484
6.61644446672	-0.176836599328
6.61970729751	-0.176316380491
6.62297012831	-0.175797941023
6.6262329591	-0.175281274002
6.6294957899	-0.174766372537
6.63275862069	-0.174253229766
6.63602145148	-0.173741838857
6.63928428228	-0.173232193009
6.64254711307	-0.172724285449
6.64580994387	-0.172218109434
6.64907277466	-0.17171365825
6.65233560545	-0.171210925212
6.65559843625	-0.170709903665
6.65886126704	-0.170210586981
6.66212409783	-0.169712968561
6.66538692863	-0.169217041837
6.66864975942	-0.168722800267
6.67191259022	-0.168230237336
6.67517542101	-0.167739346561
6.6784382518	-0.167250121485
6.6817010826	-0.166762555677
6.68496391339	-0.166276642737
6.68822674419	-0.16579237629
6.69148957498	-0.165309749991
6.69475240577	-0.16482875752
6.69801523657	-0.164349392585
6.70127806736	-0.163871648922
6.70454089816	-0.163395520292
6.70780372895	-0.162921000486
6.71106655974	-0.162448083317
6.71432939054	-0.161976762629
6.71759222133	-0.16150703229
6.72085505213	-0.161038886196
6.72411788292	-0.160572318267
6.72738071371	-0.160107322451
6.73064354451	-0.159643892721
6.7339063753	-0.159182023077
6.73716920609	-0.158721707541
6.74043203689	-0.158262940167
6.74369486768	-0.157805715028
6.74695769848	-0.157350026226
6.75022052927	-0.156895867888
6.75348336006	-0.156443234164
6.75674619086	-0.155992119232
6.76000902165	-0.155542517293
6.76327185245	-0.155094422573
6.76653468324	-0.154647829322
6.76979751403	-0.154202731815
6.77306034483	-0.153759124354
6.77632317562	-0.15331700126
6.77958600642	-0.152876356883
6.78284883721	-0.152437185594
6.786111668	-0.15199948179
6.7893744988	-0.15156323989
6.79263732959	-0.151128454339
6.79590016038	-0.150695119603
6.79916299118	-0.150263230174
6.80242582197	-0.149832780565
6.80568865277	-0.149403765314
6.80895148356	-0.148976178981
6.81221431435	-0.148550016151
6.81547714515	-0.14812527143
6.81873997594	-0.147701939447
6.82200280674	-0.147280014855
6.82526563753	-0.146859492328
6.82852846832	-0.146440366564
6.83179129912	-0.146022632284
6.83505412991	-0.145606284228
6.83831696071	-0.145191317162
6.8415797915	-0.144777725871
6.84484262229	-0.144365505165
6.84810545309	-0.143954649875
6.85136828388	-0.143545154851
6.85463111468	-0.143137014968
6.85789394547	-0.142730225122
6.86115677626	-0.14232478023
6.86441960706	-0.14192067523
6.86768243785	-0.141517905083
6.87094526864	-0.141116464768
6.87420809944	-0.140716349288
6.87747093023	-0.140317553666
6.88073376103	-0.139920072947
6.88399659182	-0.139523902195
6.88725942261	-0.139129036495
6.89052225341	-0.138735470955
6.8937850842	-0.1383432007
6.897047915	-0.137952220877
6.90031074579	-0.137562526655
6.90357357658	-0.137174113221
6.90683640738	-0.136786975782
6.91009923817	-0.136401109568
6.91336206897	-0.136016509825
6.91662489976	-0.135633171822
6.91988773055	-0.135251090846
6.92315056135	-0.134870262204
6.92641339214	-0.134490681223
6.92967622294	-0.13411234325
6.93293905373	-0.133735243651
6.93620188452	-0.13335937781
6.93946471532	-0.132984741132
6.94272754611	-0.132611329041
6.9459903769	-0.132239136979
6.9492532077	-0.131868160407
6.95251603849	-0.131498394807
6.95577886929	-0.131129835677
6.95904170008	-0.130762478535
6.96230453087	-0.130396318919
6.96556736167	-0.130031352383
6.96883019246	-0.129667574501
6.97209302326	-0.129304980865
6.97535585405	-0.128943567085
6.97861868484	-0.12858332879
6.98188151564	-0.128224261626
6.98514434643	-0.127866361258
6.98840717723	-0.127509623369
6.99167000802	-0.12715404366
6.99493283881	-0.126799617848
6.99819566961	-0.12644634167
7.0014585004	-0.126094210879
7.00472133119	-0.125743221247
7.00798416199	-0.125393368562
7.01124699278	-0.125044648631
7.01450982358	-0.124697057276
7.01777265437	-0.12435059034
7.02103548516	-0.124005243678
7.02429831596	-0.123661013167
7.02756114675	-0.123317894698
7.03082397755	-0.12297588418
7.03408680834	-0.122634977539
7.03734963913	-0.122295170716
7.04061246993	-0.121956459673
7.04387530072	-0.121618840383
7.04713813152	-0.121282308839
7.05040096231	-0.120946861051
7.0536637931	-0.120612493043
7.0569266239	-0.120279200857
7.06018945469	-0.119946980551
7.06345228549	-0.119615828198
7.06671511628	-0.119285739888
7.06997794707	-0.118956711728
7.07324077787	-0.11862873984
7.07650360866	-0.118301820361
7.07976643945	-0.117975949445
7.08302927025	-0.117651123262
7.08629210104	-0.117327337997
7.08955493184	-0.117004589849
7.09281776263	-0.116682875037
7.09608059342	-0.11636218979
7.09934342422	-0.116042530357
7.10260625501	-0.115723893
7.10586908581	-0.115406273996
7.1091319166	-0.115089669638
7.11239474739	-0.114774076234
7.11565757819	-0.114459490108
7.11892040898	-0.114145907596
7.12218323978	-0.113833325052
7.12544607057	-0.113521738843
7.12870890136	-0.113211145353
7.13197173216	-0.112901540978
7.13523456295	-0.11259292213
7.13849739374	-0.112285285235
7.14176022454	-0.111978626734
7.14502305533	-0.111672943083
7.14828588613	-0.111368230752
7.15154871692	-0.111064486224
7.15481154771	-0.110761705998
7.15807437851	-0.110459886586
7.1613372093	-0.110159024514
7.1646000401	-0.109859116325
7.16786287089	-0.109560158572
7.17112570168	-0.109262147823
7.17438853248	-0.108965080662
7.17765136327	-0.108668953685
7.18091419407	-0.108373763501
7.18417702486	-0.108079506735
7.18743985565	-0.107786180023
7.19070268645	-0.107493780018
7.19396551724	-0.107202303383
7.19722834804	-0.106911746796
7.20049117883	-0.106622106948
7.20375400962	-0.106333380545
7.20701684042	-0.106045564304
7.21027967121	-0.105758654955
7.213542502	-0.105472649244
7.2168053328	-0.105187543928
7.22006816359	-0.104903335777
7.22333099439	-0.104620021574
7.22659382518	-0.104337598116
7.22985665597	-0.104056062212
7.23311948677	-0.103775410684
7.23638231756	-0.103495640366
7.23964514836	-0.103216748105
7.24290797915	-0.102938730763
7.24617080994	-0.102661585211
7.24943364074	-0.102385308335
7.25269647153	-0.102109897032
7.25595930233	-0.101835348212
7.25922213312	-0.101561658798
7.26248496391	-0.101288825724
7.26574779471	-0.101016845937
7.2690106255	-0.100745716396
7.2722734563	-0.100475434072
7.27553628709	-0.10020599595
7.27879911788	-0.0999373990234
7.28206194868	-0.0996696403004
7.28532477947	-0.0994027168003
7.28858761026	-0.0991366255541
7.29185044106	-0.0988713636049
7.29511327185	-0.0986069280073
7.29837610265	-0.0983433158279
7.30163893344	-0.0980805241448
7.30490176423	-0.0978185500478
7.30816459503	-0.0975573906381
7.31142742582	-0.0972970430287
7.31469025662	-0.0970375043439
7.31795308741	-0.0967787717192
7.3212159182	-0.096520842302
7.324478749	-0.0962637132504
7.32774157979	-0.0960073817343
7.33100441059	-0.0957518449345
7.33426724138	-0.095497100043
7.33753007217	-0.095243144263
7.34079290297	-0.0949899748088
7.34405573376	-0.0947375889055
7.34731856455	-0.0944859837895
7.35058139535	-0.0942351567078
7.35384422614	-0.0939851049186
7.35710705694	-0.0937358256906
7.36036988773	-0.0934873163035
7.36363271852	-0.0932395740477
7.36689554932	-0.0929925962243
7.37015838011	-0.0927463801449
7.37342121091	-0.0925009231318
7.3766840417	-0.0922562225179
7.37994687249	-0.0920122756466
7.38320970329	-0.0917690798717
7.38647253408	-0.0915266325574
7.38973536488	-0.0912849310782
7.39299819567	-0.0910439728191
7.39626102646	-0.0908037551753
7.39952385726	-0.0905642755522
7.40278668805	-0.0903255313654
7.40604951885	-0.0900875200407
7.40931234964	-0.0898502390138
7.41257518043	-0.0896136857308
7.41583801123	-0.0893778576475
7.41910084202	-0.0891427522299
7.42236367281	-0.0889083669536
7.42562650361	-0.0886746993045
7.4288893344	-0.0884417467781
7.4321521652	-0.0882095068796
7.43541499599	-0.0879779771242
7.43867782678	-0.0877471550367
7.44194065758	-0.0875170381516
7.44520348837	-0.0872876240129
7.44846631917	-0.0870589101743
7.45172914996	-0.0868308941991
7.45499198075	-0.08660357366
7.45825481155	-0.0863769461392
7.46151764234	-0.0861510092283
7.46478047314	-0.0859257605284
7.46804330393	-0.0857011976497
7.47130613472	-0.085477318212
7.47456896552	-0.0852541198441
7.47783179631	-0.0850316001841
7.48109462711	-0.0848097568795
7.4843574579	-0.0845885875866
7.48762028869	-0.084368089971
7.49088311949	-0.0841482617074
7.49414595028	-0.0839291004793
7.49740878107	-0.0837106039795
7.50067161187	-0.0834927699094
7.50393444266	-0.0832755959797
7.50719727346	-0.0830590799096
7.51046010425	-0.0828432194274
7.51372293504	-0.0826280122701
7.51698576584	-0.0824134561833
7.52024859663	-0.0821995489217
7.52351142743	-0.0819862882483
7.52677425822	-0.081773671935
7.53003708901	-0.0815616977621
7.53329991981	-0.0813503635187
7.5365627506	-0.0811396670023
7.5398255814	-0.0809296060188
7.54308841219	-0.0807201783829
7.54635124298	-0.0805113819173
7.54961407378	-0.0803032144534
7.55287690457	-0.0800956738309
7.55613973536	-0.0798887578976
7.55940256616	-0.07968246451
7.56266539695	-0.0794767915324
7.56592822775	-0.0792717368377
7.56919105854	-0.0790672983066
7.57245388933	-0.0788634738283
7.57571672013	-0.0786602613
7.57897955092	-0.0784576586267
7.58224238172	-0.0782556637219
7.58550521251	-0.0780542745068
7.5887680433	-0.0778534889106
7.5920308741	-0.0776533048705
7.59529370489	-0.0774537203317
7.59855653569	-0.077254733247
7.60181936648	-0.0770563415774
7.60508219727	-0.0768585432913
7.60834502807	-0.0766613363652
7.61160785886	-0.0764647187832
7.61487068966	-0.0762686885371
7.61813352045	-0.0760732436265
7.62139635124	-0.0758783820584
7.62465918204	-0.0756841018476
7.62792201283	-0.0754904010164
7.63118484362	-0.0752972775947
7.63444767442	-0.07510472962
7.63771050521	-0.074912755137
7.64097333601	-0.074721352198
7.6442361668	-0.0745305188629
7.64749899759	-0.0743402531986
7.65076182839	-0.0741505532798
7.65402465918	-0.0739614171882
7.65728748998	-0.0737728430129
7.66055032077	-0.0735848288502
7.66381315156	-0.0733973728038
7.66707598236	-0.0732104729844
7.67033881315	-0.07302412751
7.67360164395	-0.0728383345057
7.67686447474	-0.0726530921038
7.68012730553	-0.0724683984435
7.68339013633	-0.0722842516712
7.68665296712	-0.0721006499403
7.68991579791	-0.0719175914111
7.69317862871	-0.071735074251
7.6964414595	-0.0715530966342
7.6997042903	-0.071371656742
7.70296712109	-0.0711907527624
7.70622995188	-0.0710103828902
7.70949278268	-0.0708305453273
7.71275561347	-0.070651238282
7.71601844427	-0.0704724599698
7.71928127506	-0.0702942086126
7.72254410585	-0.0701164824391
7.72580693665	-0.0699392796848
7.72906976744	-0.0697625985916
7.73233259824	-0.0695864374082
7.73559542903	-0.06941079439
7.73885825982	-0.0692356677987
7.74212109062	-0.0690610559027
7.74538392141	-0.0688869569769
7.74864675221	-0.0687133693027
7.751909583	-0.0685402911678
7.75517241379	-0.0683677208666
7.75843524459	-0.0681956566998
7.76169807538	-0.0680240969743
7.76496090617	-0.0678530400036
7.76822373697	-0.0676824841074
7.77148656776	-0.0675124276118
7.77474939856	-0.0673428688489
7.77801222935	-0.0671738061574
7.78127506014	-0.0670052378821
7.78453789094	-0.0668371623739
7.78780072173	-0.0666695779899
7.79106355253	-0.0665024830934
7.79432638332	-0.0663358760538
7.79758921411	-0.0661697552466
7.80085204491	-0.0660041190534
7.8041148757	-0.0658389658618
7.8073777065	-0.0656742940653
7.81064053729	-0.0655101020636
7.81390336808	-0.0653463882623
7.81716619888	-0.065183151073
7.82042902967	-0.065020388913
7.82369186047	-0.0648581002057
7.82695469126	-0.0646962833803
7.83021752205	-0.0645349368719
7.83348035285	-0.0643740591214
7.83674318364	-0.0642136485754
7.84000601443	-0.0640537036864
7.84326884523	-0.0638942229127
7.84653167602	-0.0637352047181
7.84979450682	-0.0635766475723
7.85305733761	-0.0634185499506
7.8563201684	-0.063260910334
7.8595829992	-0.0631037272091
7.86284582999	-0.0629469990681
7.86610866079	-0.0627907244088
7.86937149158	-0.0626349017347
7.87263432237	-0.0624795295546
7.87589715317	-0.0623246063829
7.87915998396	-0.0621701307397
7.88242281476	-0.0620161011502
7.88568564555	-0.0618625161454
7.88894847634	-0.0617093742616
7.89221130714	-0.0615566740403
7.89547413793	-0.0614044140288
7.89873696872	-0.0612525927795
7.90199979952	-0.0611012088501
7.90526263031	-0.0609502608038
7.90852546111	-0.0607997472089
7.9117882919	-0.0606496666391
7.91505112269	-0.0605000176734
7.91831395349	-0.060350798896
7.92157678428	-0.0602020088961
7.92483961508	-0.0600536462684
7.92810244587	-0.0599057096125
7.93136527666	-0.0597581975335
7.93462810746	-0.0596111086412
7.93789093825	-0.0594644415509
7.94115376905	-0.0593181948827
7.94441659984	-0.0591723672618
7.94767943063	-0.0590269573187
7.95094226143	-0.0588819636886
7.95420509222	-0.0587373850118
7.95746792302	-0.0585932199337
7.96073075381	-0.0584494671046
7.9639935846	-0.0583061251797
7.9672564154	-0.0581631928192
7.97051924619	-0.058020668688
7.97378207698	-0.0578785514562
7.97704490778	-0.0577368397985
7.98030773857	-0.0575955323947
7.98357056937	-0.057454627929
7.98683340016	-0.0573141250909
7.99009623095	-0.0571740225744
7.99335906175	-0.0570343190782
7.99662189254	-0.0568950133061
7.99988472334	-0.0567561039661
8.00314755413	-0.0566175897715
8.00641038492	-0.0564794694398
8.00967321572	-0.0563417416934
8.01293604651	-0.0562044052593
8.01619887731	-0.0560674588692
8.0194617081	-0.0559309012594
8.02272453889	-0.0557947311706
8.02598736969	-0.0556589473484
8.02925020048	-0.0555235485426
8.03251303128	-0.0553885335079
8.03577586207	-0.0552539010033
8.03903869286	-0.0551196497923
8.04230152366	-0.054985778643
8.04556435445	-0.0548522863279
8.04882718524	-0.054719171624
8.05209001604	-0.0545864333125
8.05535284683	-0.0544540701795
8.05861567763	-0.0543220810149
8.06187850842	-0.0541904646135
8.06514133921	-0.0540592197741
8.06840417001	-0.0539283453001
8.0716670008	-0.053797839999
8.0749298316	-0.0536677026827
8.07819266239	-0.0535379321675
8.08145549318	-0.0534085272739
8.08471832398	-0.0532794868266
8.08798115477	-0.0531508096545
8.09124398557	-0.0530224945908
8.09450681636	-0.0528945404731
8.09776964715	-0.0527669461428
8.10103247795	-0.0526397104458
8.10429530874	-0.052512832232
8.10755813953	-0.0523863103553
8.11082097033	-0.0522601436742
8.11408380112	-0.0521343310507
8.11734663192	-0.0520088713514
8.12060946271	-0.0518837634466
8.1238722935	-0.051759006211
8.1271351243	-0.0516345985229
8.13039795509	-0.0515105392652
8.13366078589	-0.0513868273243
8.13692361668	-0.0512634615908
8.14018644747	-0.0511404409593
8.14344927827	-0.0510177643283
8.14671210906	-0.0508954306003
8.14997493986	-0.0507734386817
8.15323777065	-0.0506517874829
8.15650060144	-0.050530475918
8.15976343224	-0.0504095029052
8.16302626303	-0.0502888673664
8.16628909383	-0.0501685682274
8.16955192462	-0.050048604418
8.17281475541	-0.0499289748715
8.17607758621	-0.0498096785254
8.179340417	-0.0496907143207
8.18260324779	-0.0495720812022
8.18586607859	-0.0494537781186
8.18912890938	-0.0493358040223
8.19239174018	-0.0492181578693
8.19565457097	-0.0491008386195
8.19891740176	-0.0489838452365
8.20218023256	-0.0488671766874
8.20544306335	-0.0487508319431
8.20870589415	-0.0486348099783
8.21196872494	-0.048519109771
8.21523155573	-0.0484037303032
8.21849438653	-0.0482886705602
8.22175721732	-0.0481739295312
8.22502004812	-0.0480595062087
8.22828287891	-0.047945399589
8.2315457097	-0.0478316086719
8.2348085405	-0.0477181324607
8.23807137129	-0.0476049699621
8.24133420209	-0.0474921201867
8.24459703288	-0.0473795821483
8.24785986367	-0.0472673548642
8.25112269447	-0.0471554373553
8.25438552526	-0.0470438286459
8.25764835605	-0.0469325277637
8.26091118685	-0.04682153374
8.26417401764	-0.0467108456094
8.26743684844	-0.0466004624099
8.27069967923	-0.0464903831829
8.27396251002	-0.0463806069732
8.27722534082	-0.046271132829
8.28048817161	-0.0461619598019
8.28375100241	-0.0460530869467
8.2870138332	-0.0459445133216
8.29027666399	-0.0458362379881
8.29353949479	-0.0457282600112
8.29680232558	-0.0456205784588
8.30006515638	-0.0455131924025
8.30332798717	-0.0454061009168
8.30659081796	-0.0452993030797
8.30985364876	-0.0451927979723
8.31311647955	-0.0450865846791
8.31637931034	-0.0449806622877
8.31964214114	-0.0448750298887
8.32290497193	-0.0447696865764
8.32616780273	-0.0446646314477
8.32943063352	-0.0445598636031
8.33269346431	-0.044455382146
8.33595629511	-0.0443511861832
8.3392191259	-0.0442472748243
8.3424819567	-0.0441436471822
8.34574478749	-0.044040302373
8.34900761828	-0.0439372395156
8.35227044908	-0.0438344577323
8.35553327987	-0.0437319561483
8.35879611067	-0.0436297338919
8.36205894146	-0.0435277900943
8.36532177225	-0.0434261238901
8.36858460305	-0.0433247344164
8.37184743384	-0.0432236208139
8.37511026464	-0.0431227822257
8.37837309543	-0.0430222177984
8.38163592622	-0.0429219266812
8.38489875702	-0.0428219080265
8.38816158781	-0.0427221609896
8.3914244186	-0.0426226847287
8.3946872494	-0.0425234784048
8.39795008019	-0.0424245411821
8.40121291099	-0.0423258722276
8.40447574178	-0.042227470711
8.40773857257	-0.0421293358052
8.41100140337	-0.0420314666857
8.41426423416	-0.041933862531
8.41752706496	-0.0418365225225
8.42078989575	-0.0417394458443
8.42405272654	-0.0416426316835
8.42731555734	-0.0415460792299
8.43057838813	-0.041449787676
8.43384121893	-0.0413537562173
8.43710404972	-0.041257984052
8.44036688051	-0.0411624703812
8.44362971131	-0.0410672144085
8.4468925421	-0.0409722153404
8.45015537289	-0.0408774723863
8.45341820369	-0.040782984758
8.45668103448	-0.0406887516704
8.45994386528	-0.0405947723408
8.46320669607	-0.0405010459893
8.46646952686	-0.0404075718387
8.46973235766	-0.0403143491145
8.47299518845	-0.040221377045
8.47625801925	-0.0401286548609
8.47952085004	-0.0400361817956
8.48278368083	-0.0399439570854
8.48604651163	-0.0398519799689
8.48930934242	-0.0397602496875
8.49257217322	-0.0396687654852
8.49583500401	-0.0395775266086
8.4990978348	-0.0394865323068
8.5023606656	-0.0393957818316
8.50562349639	-0.0393052744372
8.50888632719	-0.0392150093807
8.51214915798	-0.0391249859213
8.51541198877	-0.0390352033211
8.51867481957	-0.0389456608446
8.52193765036	-0.0388563577588
8.52520048115	-0.0387672933332
8.52846331195	-0.0386784668399
8.53172614274	-0.0385898775534
8.53498897354	-0.0385015247507
8.53825180433	-0.0384134077114
8.54151463512	-0.0383255257173
8.54477746592	-0.0382378780529
8.54804029671	-0.0381504640051
8.55130312751	-0.0380632828632
8.5545659583	-0.0379763339188
8.55782878909	-0.0378896164661
8.56109161989	-0.0378031298018
8.56435445068	-0.0377168732246
8.56761728148	-0.0376308460361
8.57088011227	-0.0375450475398
8.57414294306	-0.037459477042
8.57740577386	-0.0373741338511
8.58066860465	-0.0372890172779
8.58393143545	-0.0372041266355
8.58719426624	-0.0371194612396
8.59045709703	-0.0370350204078
8.59371992783	-0.0369508034605
8.59698275862	-0.03686680972
8.60024558941	-0.0367830385111
8.60350842021	-0.0366994891609
8.606771251	-0.0366161609987
8.6100340818	-0.0365330533562
8.61329691259	-0.0364501655673
8.61655974338	-0.0363674969681
8.61982257418	-0.036285046897
8.62308540497	-0.0362028146947
8.62634823577	-0.0361207997041
8.62961106656	-0.0360390012702
8.63287389735	-0.0359574187404
8.63613672815	-0.0358760514643
8.63939955894	-0.0357948987935
8.64266238974	-0.035713960082
8.64592522053	-0.035633234686
8.64918805132	-0.0355527219637
8.65245088212	-0.0354724212755
8.65571371291	-0.0353923319841
8.6589765437	-0.0353124534543
8.6622393745	-0.035232785053
8.66550220529	-0.0351533261492
8.66876503609	-0.0350740761142
8.67202786688	-0.0349950343211
8.67529069767	-0.0349162001455
8.67855352847	-0.0348375729648
8.68181635926	-0.0347591521586
8.68507919006	-0.0346809371087
8.68834202085	-0.0346029271989
8.69160485164	-0.0345251218149
8.69486768244	-0.0344475203447
8.69813051323	-0.0343701221783
8.70139334403	-0.0342929267077
8.70465617482	-0.034215933327
8.70791900561	-0.0341391414323
8.71118183641	-0.0340625504217
8.7144446672	-0.0339861596953
8.717707498	-0.0339099686554
8.72097032879	-0.033833976706
8.72423315958	-0.0337581832534
8.72749599038	-0.0336825877057
8.73075882117	-0.0336071894731
8.73402165196	-0.0335319879675
8.73728448276	-0.0334569826032
8.74054731355	-0.0333821727962
8.74381014435	-0.0333075579644
8.74707297514	-0.0332331375278
8.75033580593	-0.0331589109082
8.75359863673	-0.0330848775295
8.75686146752	-0.0330110368174
8.76012429832	-0.0329373881995
8.76338712911	-0.0328639311054
8.7666499599	-0.0327906649666
8.7699127907	-0.0327175892164
8.77317562149	-0.03264470329
8.77643845229	-0.0325720066246
8.77970128308	-0.0324994986592
8.78296411387	-0.0324271788346
8.78622694467	-0.0323550465935
8.78948977546	-0.0322831013807
8.79275260626	-0.0322113426424
8.79601543705	-0.0321397698269
8.79927826784	-0.0320683823844
8.80254109864	-0.0319971797668
8.80580392943	-0.0319261614279
8.80906676022	-0.0318553268231
8.81232959102	-0.03178467541
8.81559242181	-0.0317142066475
8.81885525261	-0.0316439199968
8.8221180834	-0.0315738149206
8.82538091419	-0.0315038908833
8.82864374499	-0.0314341473514
8.83190657578	-0.0313645837928
8.83516940658	-0.0312951996775
8.83843223737	-0.0312259944769
8.84169506816	-0.0311569676646
8.84495789896	-0.0310881187154
8.84822072975	-0.0310194471062
8.85148356055	-0.0309509523157
8.85474639134	-0.030882633824
8.85800922213	-0.0308144911131
8.86127205293	-0.0307465236667
8.86453488372	-0.0306787309702
8.86779771451	-0.0306111125108
8.87106054531	-0.0305436677771
8.8743233761	-0.0304763962597
8.8775862069	-0.0304092974506
8.88084903769	-0.0303423708438
8.88411186848	-0.0302756159347
8.88737469928	-0.0302090322205
8.89063753007	-0.0301426191999
8.89390036087	-0.0300763763734
8.89716319166	-0.0300103032431
8.90042602245	-0.0299443993128
8.90368885325	-0.0298786640877
8.90695168404	-0.0298130970749
8.91021451484	-0.029747697783
8.91347734563	-0.0296824657221
8.91674017642	-0.0296174004042
8.92000300722	-0.0295525013425
8.92326583801	-0.0294877680522
8.92652866881	-0.0294232000499
8.9297914996	-0.0293587968537
8.93305433039	-0.0292945579834
8.93631716119	-0.0292304829604
8.93957999198	-0.0291665713075
8.94284282277	-0.0291028225493
8.94610565357	-0.0290392362117
8.94936848436	-0.0289758118223
8.95263131516	-0.0289125489102
8.95589414595	-0.0288494470061
8.95915697674	-0.0287865056422
8.96241980754	-0.0287237243522
8.96568263833	-0.0286611026713
8.96894546913	-0.0285986401363
8.97220829992	-0.0285363362854
8.97547113071	-0.0284741906584
8.97873396151	-0.0284122027965
8.9819967923	-0.0283503722426
8.9852596231	-0.0282886985408
8.98852245389	-0.028227181237
8.99178528468	-0.0281658198782
8.99504811548	-0.0281046140133
8.99831094627	-0.0280435631923
9.00157377706	-0.0279826669669
9.00483660786	-0.0279219248901
9.00809943865	-0.0278613365164
9.01136226945	-0.0278009014019
9.01462510024	-0.0277406191038
9.01788793103	-0.0276804891812
9.02115076183	-0.0276205111942
9.02441359262	-0.0275606847045
9.02767642342	-0.0275010092753
9.03093925421	-0.0274414844711
9.034202085	-0.0273821098579
9.0374649158	-0.027322885003
9.04072774659	-0.0272638094751
9.04399057739	-0.0272048828444
9.04725340818	-0.0271461046825
9.05051623897	-0.0270874745622
9.05377906977	-0.0270289920579
9.05704190056	-0.0269706567453
9.06030473136	-0.0269124682014
9.06356756215	-0.0268544260045
9.06683039294	-0.0267965297346
9.07009322374	-0.0267387789726
9.07335605453	-0.0266811733012
9.07661888532	-0.0266237123041
9.07988171612	-0.0265663955665
9.08314454691	-0.0265092226749
9.08640737771	-0.0264521932172
9.0896702085	-0.0263953067824
9.09293303929	-0.0263385629612
9.09619587009	-0.0262819613452
9.09945870088	-0.0262255015276
9.10272153168	-0.0261691831029
9.10598436247	-0.0261130056668
9.10924719326	-0.0260569688162
9.11251002406	-0.0260010721495
9.11577285485	-0.0259453152664
9.11903568565	-0.0258896977677
9.12229851644	-0.0258342192555
9.12556134723	-0.0257788793334
9.12882417803	-0.0257236776061
9.13208700882	-0.0256686136795
9.13534983962	-0.0256136871609
9.13861267041	-0.0255588976588
9.1418755012	-0.025504244783
9.145138332	-0.0254497281445
9.14840116279	-0.0253953473555
9.15166399358	-0.0253411020296
9.15492682438	-0.0252869917814
9.15818965517	-0.0252330162269
9.16145248597	-0.0251791749834
9.16471531676	-0.0251254676692
9.16797814755	-0.0250718939039
9.17124097835	-0.0250184533084
9.17450380914	-0.0249651455048
9.17776663994	-0.0249119701163
9.18102947073	-0.0248589267674
9.18429230152	-0.0248060150837
9.18755513232	-0.024753234692
9.19081796311	-0.0247005852205
9.19408079391	-0.0246480662983
9.1973436247	-0.0245956775558
9.20060645549	-0.0245434186246
9.20386928629	-0.0244912891374
9.20713211708	-0.0244392887283
9.21039494787	-0.0243874170321
9.21365777867	-0.0243356736853
9.21692060946	-0.0242840583251
9.22018344026	-0.0242325705902
9.22344627105	-0.0241812101201
9.22670910184	-0.0241299765558
9.22997193264	-0.0240788695392
9.23323476343	-0.0240278887135
9.23649759423	-0.0239770337228
9.23976042502	-0.0239263042125
9.24302325581	-0.0238756998291
9.24628608661	-0.0238252202203
9.2495489174	-0.0237748650347
9.2528117482	-0.0237246339222
9.25607457899	-0.0236745265337
9.25933740978	-0.0236245425212
9.26260024058	-0.023574681538
9.26586307137	-0.0235249432383
9.26912590217	-0.0234753272773
9.27238873296	-0.0234258333115
9.27565156375	-0.0233764609984
9.27891439455	-0.0233272099966
9.28217722534	-0.0232780799658
9.28544005613	-0.0232290705667
9.28870288693	-0.023180181461
9.29196571772	-0.0231314123118
9.29522854852	-0.0230827627828
9.29849137931	-0.0230342325391
9.3017542101	-0.0229858212467
9.3050170409	-0.0229375285727
9.30827987169	-0.0228893541853
9.31154270249	-0.0228412977537
9.31480553328	-0.022793358948
9.31806836407	-0.0227455374395
9.32133119487	-0.0226978329005
9.32459402566	-0.0226502450044
9.32785685646	-0.0226027734255
9.33111968725	-0.0225554178391
9.33438251804	-0.0225081779217
9.33764534884	-0.0224610533506
9.34090817963	-0.0224140438042
9.34417101043	-0.0223671489621
9.34743384122	-0.0223203685045
9.35069667201	-0.0222737021129
9.35395950281	-0.0222271494697
9.3572223336	-0.0221807102585
9.36048516439	-0.0221343841634
9.36374799519	-0.02208817087
9.36701082598	-0.0220420700646
9.37027365678	-0.0219960814346
9.37353648757	-0.0219502046683
9.37679931836	-0.0219044394551
9.38006214916	-0.021858785485
9.38332497995	-0.0218132424496
9.38658781075	-0.0217678100408
9.38985064154	-0.0217224879519
9.39311347233	-0.021677275877
9.39637630313	-0.0216321735112
9.39963913392	-0.0215871805505
9.40290196472	-0.0215422966919
9.40616479551	-0.0214975216333
9.4094276263	-0.0214528550734
9.4126904571	-0.0214082967122
9.41595328789	-0.0213638462503
9.41921611868	-0.0213195033895
9.42247894948	-0.0212752678322
9.42574178027	-0.0212311392819
9.42900461107	-0.0211871174432
9.43226744186	-0.0211432020213
9.43553027265	-0.0210993927225
9.43879310345	-0.0210556892539
9.44205593424	-0.0210120913237
9.44531876504	-0.0209685986408
9.44858159583	-0.020925210915
9.45184442662	-0.0208819278573
9.45510725742	-0.0208387491792
9.45837008821	-0.0207956745933
9.46163291901	-0.0207527038131
9.4648957498	-0.0207098365529
9.46815858059	-0.0206670725279
9.47142141139	-0.0206244114543
9.47468424218	-0.0205818530491
9.47794707298	-0.02053939703
9.48120990377	-0.0204970431159
9.48447273456	-0.0204547910263
9.48773556536	-0.0204126404817
9.49099839615	-0.0203705912034
9.49426122694	-0.0203286429136
9.49752405774	-0.0202867953353
9.50078688853	-0.0202450481925
9.50404971933	-0.0202034012099
9.50731255012	-0.0201618541131
9.51057538091	-0.0201204066285
9.51383821171	-0.0200790584834
9.5171010425	-0.0200378094059
9.5203638733	-0.019996659125
9.52362670409	-0.0199556073705
9.52688953488	-0.019914653873
9.53015236568	-0.0198737983639
9.53341519647	-0.0198330405755
9.53667802727	-0.019792380241
9.53994085806	-0.0197518170942
9.54320368885	-0.0197113508698
9.54646651965	-0.0196709813035
9.54972935044	-0.0196307081315
9.55299218123	-0.019590531091
9.55625501203	-0.01955044992
9.55951784282	-0.0195104643573
9.56278067362	-0.0194705741424
9.56604350441	-0.0194307790158
9.5693063352	-0.0193910787185
9.572569166	-0.0193514729925
9.57583199679	-0.0193119615806
9.57909482759	-0.0192725442263
9.58235765838	-0.0192332206739
9.58562048917	-0.0191939906685
9.58888331997	-0.019154853956
9.59214615076	-0.0191158102831
9.59540898156	-0.0190768593971
9.59867181235	-0.0190380010463
9.60193464314	-0.0189992349796
9.60519747394	-0.0189605609467
9.60846030473	-0.0189219786982
9.61172313553	-0.0188834879852
9.61498596632	-0.0188450885599
9.61824879711	-0.0188067801749
9.62151162791	-0.0187685625838
9.6247744587	-0.0187304355408
9.62803728949	-0.018692398801
9.63130012029	-0.0186544521201
9.63456295108	-0.0186165952546
9.63782578188	-0.0185788279618
9.64108861267	-0.0185411499996
9.64435144346	-0.0185035611267
9.64761427426	-0.0184660611027
9.65087710505	-0.0184286496876
9.65413993585	-0.0183913266424
9.65740276664	-0.0183540917287
9.66066559743	-0.0183169447088
9.66392842823	-0.0182798853458
9.66719125902	-0.0182429134036
9.67045408982	-0.0182060286466
9.67371692061	-0.01816923084
9.6769797514	-0.0181325197498
9.6802425822	-0.0180958951425
9.68350541299	-0.0180593567856
9.68676824379	-0.0180229044471
9.69003107458	-0.0179865378957
9.69329390537	-0.0179502569009
9.69655673617	-0.0179140612328
9.69981956696	-0.0178779506623
9.70308239775	-0.0178419249608
9.70634522855	-0.0178059839006
9.70960805934	-0.0177701272547
9.71287089014	-0.0177343547965
9.71613372093	-0.0176986663004
9.71939655172	-0.0176630615413
9.72265938252	-0.0176275402948
9.72592221331	-0.0175921023373
9.72918504411	-0.0175567474457
9.7324478749	-0.0175214753977
9.73571070569	-0.0174862859716
9.73897353649	-0.0174511789463
9.74223636728	-0.0174161541016
9.74549919808	-0.0173812112177
9.74876202887	-0.0173463500757
9.75202485966	-0.017311570457
9.75528769046	-0.0172768721442
9.75855052125	-0.0172422549199
9.76181335204	-0.017207718568
9.76507618284	-0.0171732628725
9.76833901363	-0.0171388876184
9.77160184443	-0.0171045925913
9.77486467522	-0.0170703775772
9.77812750601	-0.017036242363
9.78139033681	-0.0170021867362
9.7846531676	-0.0169682104849
9.7879159984	-0.0169343133977
9.79117882919	-0.016900495264
9.79444165998	-0.0168667558739
9.79770449078	-0.0168330950178
9.80096732157	-0.0167995124872
9.80423015237	-0.0167660080738
9.80749298316	-0.01673258157
9.81075581395	-0.0166992327691
9.81401864475	-0.0166659614648
9.81728147554	-0.0166327674513
9.82054430634	-0.0165996505237
9.82380713713	-0.0165666104774
9.82706996792	-0.0165336471087
9.83033279872	-0.0165007602143
9.83359562951	-0.0164679495917
9.8368584603	-0.0164352150388
9.8401212911	-0.0164025563541
9.84338412189	-0.016369973337
9.84664695269	-0.0163374657872
9.84990978348	-0.016305033505
9.85317261427	-0.0162726762914
9.85643544507	-0.016240393948
9.85969827586	-0.016208186277
9.86296110666	-0.0161760530811
9.86622393745	-0.0161439941636
9.86948676824	-0.0161120093284
9.87274959904	-0.0160800983801
9.87601242983	-0.0160482611237
9.87927526063	-0.0160164973649
9.88253809142	-0.0159848069098
9.88580092221	-0.0159531895653
9.88906375301	-0.0159216451388
9.8923265838	-0.0158901734382
9.8955894146	-0.0158587742721
9.89885224539	-0.0158274474495
9.90211507618	-0.01579619278
9.90537790698	-0.0157650100738
9.90864073777	-0.0157338991419
9.91190356856	-0.0157028597953
9.91516639936	-0.0156718918462
9.91842923015	-0.0156409951068
9.92169206095	-0.0156101693902
9.92495489174	-0.0155794145099
9.92821772253	-0.0155487302801
9.93148055333	-0.0155181165154
9.93474338412	-0.0154875730309
9.93800621492	-0.0154570996424
9.94126904571	-0.0154266961663
9.9445318765	-0.0153963624193
9.9477947073	-0.0153660982187
9.95105753809	-0.0153359033825
9.95432036889	-0.0153057777291
9.95758319968	-0.0152757210776
9.96084603047	-0.0152457332473
9.96410886127	-0.0152158140583
9.96737169206	-0.0151859633312
9.97063452285	-0.015156180887
9.97389735365	-0.0151264665475
9.97716018444	-0.0150968201347
9.98042301524	-0.0150672414712
9.98368584603	-0.0150377303803
9.98694867682	-0.0150082866857
9.99021150762	-0.0149789102116
9.99347433841	-0.0149496007826
9.99673716921	-0.0149203582242
10.0	-0.0148911823619
10.0032628308	-0.0148620730221
10.0192883562	-0.0147200612782
10.0353138816	-0.0145796297687
10.051339407	-0.0144407584368
10.0673649324	-0.0143034275111
10.0833904577	-0.0141676175017
10.0994159831	-0.0140333091954
10.1154415085	-0.0139004836516
10.1314670339	-0.0137691221979
10.1474925593	-0.0136392064258
10.1635180847	-0.0135107181867
10.1795436101	-0.0133836395879
10.1955691355	-0.0132579529881
10.2115946609	-0.0131336409945
10.2276201862	-0.0130106864576
10.2436457116	-0.0128890724687
10.259671237	-0.0127687823553
10.2756967624	-0.0126497996776
10.2917222878	-0.0125321082252
10.3077478132	-0.0124156920133
10.3237733386	-0.0123005352793
10.339798864	-0.0121866224794
10.3558243894	-0.0120739382849
10.3718499147	-0.0119624675797
10.3878754401	-0.011852195456
10.4039009655	-0.011743107212
10.4199264909	-0.0116351883481
10.4359520163	-0.0115284245644
10.4519775417	-0.0114228017571
10.4680030671	-0.0113183060158
10.4840285925	-0.0112149236206
10.5000541179	-0.0111126410392
10.5160796432	-0.0110114449238
10.5321051686	-0.0109113221085
10.548130694	-0.0108122596068
10.5641562194	-0.0107142446084
10.5801817448	-0.0106172644768
10.5962072702	-0.0105213067469
10.6122327956	-0.0104263591218
10.628258321	-0.0103324094711
10.6442838464	-0.0102394458276
10.6603093718	-0.0101474563856
10.6763348971	-0.0100564294979
10.6923604225	-0.00996635367363
10.7083859479	-0.00987721757614
10.7244114733	-0.00978901002042
10.7404369987	-0.00970171997096
10.7564625241	-0.00961533653954
10.7724880495	-0.00952984898303
10.7885135749	-0.00944524670128
10.8045391003	-0.00936151923497
10.8205646256	-0.00927865626354
10.836590151	-0.00919664760317
10.8526156764	-0.00911548320476
10.8686412018	-0.00903515315196
10.8846667272	-0.00895564765921
10.9006922526	-0.00887695706983
10.916717778	-0.00879907185416
10.9327433034	-0.00872198260768
10.9487688288	-0.00864568004919
10.9647943541	-0.00857015501904
10.9808198795	-0.00849539847734
10.9968454049	-0.00842140150224
11.0128709303	-0.0083481552882
11.0288964557	-0.00827565114434
11.0449219811	-0.00820388049275
11.0609475065	-0.00813283486689
11.0769730319	-0.00806250590995
11.0929985573	-0.00799288537333
11.1090240826	-0.00792396511502
11.125049608	-0.00785573709813
11.1410751334	-0.00778819338934
11.1571006588	-0.00772132615745
11.1731261842	-0.00765512767192
11.1891517096	-0.0075895903014
11.205177235	-0.00752470651237
11.2212027604	-0.0074604688677
11.2372282858	-0.00739687002533
11.2532538112	-0.00733390273687
11.2692793365	-0.00727155984634
11.2853048619	-0.0072098342888
11.3013303873	-0.00714871908908
11.3173559127	-0.00708820736055
11.3333814381	-0.00702829230384
11.3494069635	-0.00696896720562
11.3654324889	-0.0069102254374
11.3814580143	-0.00685206045433
11.3974835397	-0.00679446579404
11.413509065	-0.00673743507549
11.4295345904	-0.00668096199781
11.4455601158	-0.00662504033921
11.4615856412	-0.00656966395586
11.4776111666	-0.00651482678084
11.493636692	-0.00646052282301
11.5096622174	-0.00640674616604
11.5256877428	-0.00635349096729
11.5417132682	-0.00630075145686
11.5577387935	-0.00624852193656
11.5737643189	-0.0061967967789
11.5897898443	-0.00614557042616
11.6058153697	-0.00609483738938
11.6218408951	-0.00604459224748
11.6378664205	-0.00599482964626
11.6538919459	-0.00594554429755
11.6699174713	-0.00589673097823
11.6859429967	-0.00584838452943
11.701968522	-0.00580049985559
11.7179940474	-0.00575307192362
11.7340195728	-0.00570609576205
11.7500450982	-0.00565956646019
11.7660706236	-0.00561347916731
11.782096149	-0.00556782909183
11.7981216744	-0.0055226115005
11.8141471998	-0.00547782171764
11.8301727252	-0.00543345512435
11.8461982506	-0.00538950715775
11.8622237759	-0.0053459733102
11.8782493013	-0.00530284912861
11.8942748267	-0.00526013021366
11.9103003521	-0.00521781221911
11.9263258775	-0.00517589085105
11.9423514029	-0.00513436186727
11.9583769283	-0.00509322107649
11.9744024537	-0.00505246433774
11.9904279791	-0.00501208755966
12.0064535044	-0.00497208669987
12.0224790298	-0.00493245776427
12.0385045552	-0.00489319680645
12.0545300806	-0.00485429992703
12.070555606	-0.00481576327305
12.0865811314	-0.00477758303735
12.1026066568	-0.00473975545799
12.1186321822	-0.00470227681759
12.1346577076	-0.00466514344283
12.1506832329	-0.00462835170382
12.1667087583	-0.00459189801351
12.1827342837	-0.0045557788272
12.1987598091	-0.00451999064192
12.2147853345	-0.0044845299959
12.2308108599	-0.00444939346807
12.2468363853	-0.00441457767747
12.2628619107	-0.00438007928278
12.2788874361	-0.00434589498178
12.2949129614	-0.00431202151082
12.3109384868	-0.00427845564439
12.3269640122	-0.00424519419453
12.3429895376	-0.00421223401044
12.359015063	-0.00417957197793
12.3750405884	-0.00414720501898
12.3910661138	-0.00411513009127
12.4070916392	-0.00408334418771
12.4231171646	-0.004051844336
12.43914269	-0.00402062759819
12.4551682153	-0.0039896910702
12.4711937407	-0.00395903188145
12.4872192661	-0.00392864719437
12.5032447915	-0.00389853420402
12.5192703169	-0.00386869013764
12.5352958423	-0.00383911225428
12.5513213677	-0.00380979784436
12.5673468931	-0.00378074422931
12.5833724185	-0.00375194876112
12.5993979438	-0.003723408822
12.6154234692	-0.00369512182398
12.6314489946	-0.00366708520855
12.64747452	-0.00363929644626
12.6635000454	-0.00361175303636
12.6795255708	-0.00358445250646
12.6955510962	-0.00355739241217
12.7115766216	-0.0035305703367
12.727602147	-0.0035039838906
12.7436276723	-0.00347763071132
12.7596531977	-0.00345150846297
12.7756787231	-0.00342561483589
12.7917042485	-0.00339994754642
12.8077297739	-0.0033745043365
12.8237552993	-0.00334928297337
12.8397808247	-0.0033242812493
12.8558063501	-0.00329949698121
12.8718318755	-0.0032749280104
12.8878574008	-0.00325057220227
12.9038829262	-0.00322642744598
12.9199084516	-0.00320249165417
12.935933977	-0.00317876276268
12.9519595024	-0.00315523873026
12.9679850278	-0.00313191753828
12.9840105532	-0.00310879719047
13.0000360786	-0.00308587571261
13.016061604	-0.00306315115229
13.0320871294	-0.00304062157866
13.0481126547	-0.00301828508211
13.0641381801	-0.00299613977406
13.0801637055	-0.00297418378666
13.0961892309	-0.0029524152726
13.1122147563	-0.00293083240479
13.1282402817	-0.00290943337616
13.1442658071	-0.0028882163994
13.1602913325	-0.00286717970672
13.1763168579	-0.00284632154963
13.1923423832	-0.00282564019866
13.2083679086	-0.00280513394321
13.224393434	-0.00278480109123
13.2404189594	-0.00276463996906
13.2564444848	-0.0027446489212
13.2724700102	-0.00272482631006
13.2884955356	-0.00270517051579
13.304521061	-0.00268567993601
13.3205465864	-0.00266635298566
13.3365721117	-0.00264718809677
13.3525976371	-0.00262818371822
13.3686231625	-0.0026093383156
13.3846486879	-0.00259065037096
13.4006742133	-0.00257211838266
13.4166997387	-0.00255374086512
13.4327252641	-0.00253551634868
13.4487507895	-0.00251744337939
13.4647763149	-0.00249952051881
13.4808018402	-0.00248174634385
13.4968273656	-0.00246411944659
13.512852891	-0.00244663843406
13.5288784164	-0.00242930192812
13.5449039418	-0.00241210856524
13.5609294672	-0.00239505699636
13.5769549926	-0.0023781458867
13.592980518	-0.00236137391559
13.6090060434	-0.00234473977632
13.6250315688	-0.00232824217598
13.6410570941	-0.00231187983525
13.6570826195	-0.00229565148833
13.6731081449	-0.00227955588268
13.6891336703	-0.00226359177896
13.7051591957	-0.00224775795079
13.7211847211	-0.00223205318466
13.7372102465	-0.00221647627978
13.7532357719	-0.00220102604787
13.7692612973	-0.0021857013131
13.7852868226	-0.00217050091188
13.801312348	-0.00215542369275
13.8173378734	-0.00214046851623
13.8333633988	-0.00212563425468
13.8493889242	-0.00211091979218
13.8654144496	-0.00209632402436
13.881439975	-0.00208184585831
13.8974655004	-0.00206748421242
13.9134910258	-0.00205323801625
13.9295165511	-0.00203910621042
13.9455420765	-0.00202508774648
13.9615676019	-0.00201118158675
13.9775931273	-0.00199738670425
13.9936186527	-0.00198370208254
14.0096441781	-0.00197012671562
14.0256697035	-0.00195665960781
14.0416952289	-0.0019432997736
14.0577207543	-0.00193004623758
14.0737462796	-0.00191689803431
14.089771805	-0.00190385420819
14.1057973304	-0.00189091381336
14.1218228558	-0.00187807591361
14.1378483812	-0.00186533958223
14.1538739066	-0.00185270390195
14.169899432	-0.00184016796477
14.1859249574	-0.00182773087193
14.2019504828	-0.00181539173376
14.2179760082	-0.00180314966958
14.2340015335	-0.00179100380761
14.2500270589	-0.00177895328487
14.2660525843	-0.00176699724708
14.2820781097	-0.00175513484856
14.2981036351	-0.00174336525214
14.3141291605	-0.00173168762904
14.3301546859	-0.00172010115883
14.3461802113	-0.00170860502927
14.3622057367	-0.00169719843628
14.378231262	-0.00168588058381
14.3942567874	-0.00167465068375
14.4102823128	-0.00166350795588
14.4263078382	-0.00165245162774
14.4423333636	-0.00164148093457
14.458358889	-0.00163059511921
14.4743844144	-0.00161979343204
14.4904099398	-0.00160907513085
14.5064354652	-0.0015984394808
14.5224609905	-0.00158788575435
14.5384865159	-0.00157741323112
14.5545120413	-0.00156702119788
14.5705375667	-0.00155670894841
14.5865630921	-0.00154647578347
14.6025886175	-0.00153632101071
14.6186141429	-0.00152624394458
14.6346396683	-0.00151624390628
14.6506651937	-0.00150632022366
14.666690719	-0.00149647223116
14.6827162444	-0.00148669926974
14.6987417698	-0.00147700068684
14.7147672952	-0.00146737583622
14.7307928206	-0.001457824078
14.746818346	-0.00144834477851
14.7628438714	-0.00143893731027
14.7788693968	-0.0014296010519
14.7948949222	-0.00142033538805
14.8109204476	-0.00141113970937
14.8269459729	-0.0014020134124
14.8429714983	-0.00139295589953
14.8589970237	-0.00138396657895
14.8750225491	-0.00137504486454
14.8910480745	-0.00136619017588
14.9070735999	-0.00135740193811
14.9230991253	-0.00134867958196
14.9391246507	-0.00134002254358
14.9551501761	-0.0013314302646
14.9711757014	-0.00132290219197
14.9872012268	-0.00131443777797
15.0032267522	-0.00130603648013
15.0192522776	-0.00129769776118
15.035277803	-0.00128942108896
15.0513033284	-0.00128120593643
15.0673288538	-0.00127305178156
15.0833543792	-0.00126495810731
15.0993799046	-0.00125692440155
15.1154054299	-0.00124895015705
15.1314309553	-0.00124103487137
15.1474564807	-0.00123317804686
15.1634820061	-0.00122537919058
15.1795075315	-0.00121763781428
15.1955330569	-0.0012099534343
15.2115585823	-0.00120232557159
15.2275841077	-0.00119475375159
15.2436096331	-0.00118723750424
15.2596351584	-0.0011797763639
15.2756606838	-0.00117236986933
15.2916862092	-0.00116501756361
15.3077117346	-0.00115771899412
15.32373726	-0.0011504737125
15.3397627854	-0.00114328127456
15.3557883108	-0.00113614124032
15.3718138362	-0.00112905317387
15.3878393616	-0.00112201664342
15.403864887	-0.00111503122116
15.4198904123	-0.00110809648332
15.4359159377	-0.00110121201004
15.4519414631	-0.00109437738541
15.4679669885	-0.00108759219734
15.4839925139	-0.0010808560376
15.5000180393	-0.00107416850175
15.5160435647	-0.00106752918907
15.5320690901	-0.00106093770259
15.5480946155	-0.00105439364898
15.5641201408	-0.00104789663857
15.5801456662	-0.00104144628526
15.5961711916	-0.00103504220654
15.612196717	-0.00102868402341
15.6282222424	-0.00102237136036
15.6442477678	-0.00101610384532
15.6602732932	-0.00100988110967
15.6762988186	-0.00100370278814
15.692324344	-0.000997568518818
15.7083498693	-0.000991477943119
15.7243753947	-0.000985430705725
15.7404009201	-0.000979426454568
15.7564264455	-0.000973464840794
15.7724519709	-0.000967545518734
15.7884774963	-0.000961668145865
15.8045030217	-0.000955832382782
15.8205285471	-0.000950037893167
15.8365540725	-0.000944284343758
15.8525795978	-0.000938571404314
15.8686051232	-0.000932898747591
15.8846306486	-0.000927266049306
15.900656174	-0.000921672988112
15.9166816994	-0.000916119245565
15.9327072248	-0.000910604506096
15.9487327502	-0.000905128456982
15.9647582756	-0.000899690788321
15.980783801	-0.000894291192996
15.9968093264	-0.000888929366656
16.0128348517	-0.000883605007681
16.0288603771	-0.00087831781716
16.0448859025	-0.000873067498862
16.0609114279	-0.000867853759208
16.0769369533	-0.000862676307247
16.0929624787	-0.000857534854629
16.1089880041	-0.000852429115579
16.1250135295	-0.00084735880687
16.1410390549	-0.000842323647802
16.1570645802	-0.000837323360172
16.1730901056	-0.000832357668253
16.189115631	-0.000827426298768
16.2051411564	-0.000822528980865
16.2211666818	-0.000817665446095
16.2371922072	-0.000812835428387
16.2532177326	-0.000808038664027
16.269243258	-0.00080327489163
16.2852687834	-0.000798543852122
16.3012943087	-0.000793845288715
16.3173198341	-0.000789178946884
16.3333453595	-0.000784544574348
16.3493708849	-0.000779941921044
16.3653964103	-0.000775370739108
16.3814219357	-0.000770830782853
16.3974474611	-0.000766321808747
16.4134729865	-0.000761843575394
16.4294985119	-0.000757395843509
16.4455240372	-0.000752978375903
16.4615495626	-0.000748590937459
16.477575088	-0.000744233295114
16.4936006134	-0.000739905217835
16.5096261388	-0.000735606476605
16.5256516642	-0.0007313368444
16.5416771896	-0.00072709609617
16.557702715	-0.000722884008821
16.5737282404	-0.000718700361196
16.5897537658	-0.000714544934055
16.6057792911	-0.000710417510059
16.6218048165	-0.000706317873747
16.6378303419	-0.000702245811525
16.6538558673	-0.000698201111642
16.6698813927	-0.000694183564175
16.6859069181	-0.000690192961012
16.7019324435	-0.000686229095832
16.7179579689	-0.000682291764091
16.7339834943	-0.000678380763002
16.7500090196	-0.000674495891523
16.766034545	-0.000670636950334
16.7820600704	-0.000666803741824
16.7980855958	-0.000662996070078
16.8141111212	-0.000659213740853
16.8301366466	-0.000655456561569
16.846162172	-0.000651724341291
16.8621876974	-0.000648016890711
16.8782132228	-0.000644334022138
16.8942387481	-0.000640675549477
16.9102642735	-0.000637041288216
16.9262897989	-0.000633431055414
16.9423153243	-0.000629844669681
16.9583408497	-0.000626281951167
16.9743663751	-0.000622742721548
16.9903919005	-0.000619226804007
17.0064174259	-0.000615734023225
17.0224429513	-0.000612264205365
17.0384684766	-0.000608817178056
17.054494002	-0.000605392770385
17.0705195274	-0.000601990812875
17.0865450528	-0.00059861113748
17.1025705782	-0.000595253577565
17.1185961036	-0.000591917967897
17.134621629	-0.00058860414463
17.1506471544	-0.000585311945294
17.1666726798	-0.000582041208779
17.1826982052	-0.000578791775324
17.1987237305	-0.000575563486506
17.2147492559	-0.000572356185225
17.2307747813	-0.000569169715693
17.2468003067	-0.000566003923424
17.2628258321	-0.000562858655215
17.2788513575	-0.000559733759143
17.2948768829	-0.000556629084547
17.3109024083	-0.000553544482018
17.3269279337	-0.00055047980339
17.342953459	-0.000547434901724
17.3589789844	-0.000544409631299
17.3750045098	-0.000541403847602
17.3910300352	-0.000538417407315
17.4070555606	-0.000535450168305
17.423081086	-0.000532501989613
17.4391066114	-0.000529572731443
17.4551321368	-0.000526662255149
17.4711576622	-0.000523770423232
17.4871831875	-0.000520897099319
17.5032087129	-0.000518042148162
17.5192342383	-0.000515205435622
17.5352597637	-0.000512386828661
17.5512852891	-0.000509586195331
17.5673108145	-0.000506803404767
17.5833363399	-0.000504038327174
17.5993618653	-0.000501290833815
17.6153873907	-0.00049856079701
17.631412916	-0.000495848090118
17.6474384414	-0.00049315258753
17.6634639668	-0.000490474164662
17.6794894922	-0.000487812697944
17.6955150176	-0.000485168064808
17.711540543	-0.000482540143686
17.7275660684	-0.000479928813995
17.7435915938	-0.000477333956128
17.7596171192	-0.000474755451449
17.7756426446	-0.000472193182284
17.7916681699	-0.000469647031907
17.8076936953	-0.000467116884537
17.8237192207	-0.00046460262533
17.8397447461	-0.000462104140364
17.8557702715	-0.000459621316639
17.8717957969	-0.000457154042062
17.8878213223	-0.000454702205444
17.9038468477	-0.000452265696488
17.9198723731	-0.000449844405783
17.9358978984	-0.000447438224796
17.9519234238	-0.000445047045866
17.9679489492	-0.00044267076219
17.9839744746	-0.000440309267824
18.0	-0.000437962457667
Mass
    4.002600000E+00
Element
He
Bond Pattern
null  
Base Charge 
    0.0000000000E+00
Polarizability
    0.0000000000E+00
Force Field Name
TwoBody       
Atom Names
He        
none      
none      
none                         
Number of Bonded Terms
           0         
Number of Angle Terms
           0         
Number of Torsion Terms
           0
Number of Improper Terms
           0
Number of Angle-Angle Terms
           0
Number of One-Five Types
           0
Number of Bond Increments
           0
