Tsat (K)	rho_liq (kg/m3)	rho_vap (kg/m3)
7.0	307.102943333	0.581018345833
7.0	306.947843333	0.67151573
7.0	307.365521667	0.7121328
7.0	306.603075	0.575096194167
8.0	291.714223043	2.11462678913
8.0	292.30954913	2.01830355217
8.0	294.871783478	1.88693173043
8.0	294.564987391	1.89146927609
9.0	273.582758375	4.8545151325
9.0	274.243135875	4.64040812375
9.0	275.48527	5.15058451375
9.0	273.902180375	5.09438920125
10.0	254.906527719	9.94767288333
10.0	256.743504649	11.5646085877
10.0	257.849162719	12.9947954123
10.0	256.796987632	11.2736282895
11.0	234.140126538	20.4271693242
11.0	232.495318446	19.4267830743
11.0	235.538483132	20.8434445879
11.0	232.491836264	18.5399683516