Tsat (K)	rho_liq (kg/m3)	rho_vap (kg/m3)
7.0	306.994958125	0.708341699375
7.0	308.252926125	0.706052753
7.0	308.757112125	0.7176099735
7.0	306.00064125	0.65243124
8.0	292.184673596	1.94770819298
8.0	292.420306316	1.99292465351
8.0	293.12793614	1.76434587982
8.0	291.826291842	2.12339171228
9.0	274.974498581	4.84523393649
9.0	277.551697027	5.41459083041
9.0	274.811277095	4.7842228973
9.0	275.684114527	4.5349993777
9.5	266.700263352	7.31948607363
9.5	265.722018462	7.75668851484
9.5	266.837253187	7.60463085165
9.5	266.002695604	7.44357635714
10.0	256.218010694	10.2449752917
10.0	255.508710926	10.9008190907
10.0	255.998632546	11.0660606162
10.0	257.15265412	11.0025326134
10.5	247.7031556	16.433590996
10.5	246.41736196	14.740655496
10.5	247.68002748	15.804562608
10.5	244.1275926	13.61893468
11.0	232.614194718	18.8328667887
11.0	234.826977782	20.7334841303
11.0	233.308421069	20.0853161981
11.0	234.362370951	19.7029526514
11.5	220.352760907	27.3877516218
11.5	218.712680984	26.0383418497
11.5	219.758658912	26.4465422668
11.5	222.360994067	27.5944736839
12.0	203.244533811	36.6521157687
12.0	202.000378128	37.6108597819
12.0	207.185902621	38.7419041233
12.0	206.488512335	38.8911056322
12.5	183.469387522	50.611611851
12.5	184.07406256	52.5365420796
12.5	181.801679058	52.8271970985
12.5	179.476792425	49.8660828175