Tsat (K)	rhol (kg/m3)	rhov (kg/m3)
7	305.2293765	0.645664182
7	305.1252335	0.6363146375
7	305.1407595	0.698012981
7	305.249836	0.643267223
7	305.075766	0.6302330715
7	305.290976	0.6946843965
7	305.1809005	0.674848149
7	305.127141	0.676203193
8	290.168203	2.032679735
8	290.1640605	2.01404742
8	290.2111265	2.22084377
8	290.162159	2.072184515
8	290.1861435	2.089877425
8	290.092609	2.15753518
8	290.26318	2.089550145
8	290.1395475	2.06847592
9	273.834802	5.07418657
9	273.870542	5.083023295
9	273.993047	5.02391688
9	274.030627	5.25081171
9	273.90186	5.05171175
9	273.9338575	5.102092035
9	273.8437925	5.04020035
9	273.728012	4.91689587
10	255.639421	10.465910215
10	255.6117985	10.42192368
10	255.6739205	10.47027321
10	255.655513	10.439510625
10	255.602538	10.51991616
10	255.692843	10.68906604
10	255.620977	10.591329295
10	255.622808	10.50273607
11	234.1910905	19.7050901
11	233.8756175	19.7387718
11	234.463677	20.2456571
11	234.03289	19.6699495
11	233.875909	19.78787895
11	234.13461	20.08491495
11	234.0602755	19.41227275
11	234.180012	19.6915901
