Tsat (K)	rho_liq (kg/m3)	rho_vap (kg/m3)
7.0	306.037398197	0.710575162297
7.0	305.68675254	0.623192858927
7.0	305.68675254	0.623192858927
8.0	289.289757243	1.88891707237
8.0	289.289757243	1.88891707237
8.0	290.161123617	2.11528801407
9.0	273.037251923	5.1414514561
9.0	272.874280957	4.96719286857
9.0	272.874280957	4.96719286857
10.0	254.080309007	10.6368338653
10.0	254.080309007	10.6368338653
10.0	254.827108163	10.81779682
11.0	234.699479333	21.5846408167
11.0	233.97630964	20.3451820643
11.0	233.97630964	20.3451820643