towhee_ff Version
          14
Number of Nonbonded Types
           1
Potential Type
Tabulated Pair                 
Classical Mixrule
Explicit
Atom Type Number
           1
table_pair
           1           1          3000
table_pair_data
0.05	452459.440452
0.4125	452459.440452
0.775	452459.440452
1.1375	452459.440452
1.5	5557.32389591
1.8625	1057.18832413
1.86576283079	1040.75355758
1.86902566159	1024.55726286
1.87228849238	1008.5961287
1.87555132318	992.866888158
1.87881415397	977.366318082
1.88207698476	962.091238504
1.88533981556	947.038512096
1.88860264635	932.205043618
1.89186547715	917.58777937
1.89512830794	903.183706656
1.89839113873	888.989853249
1.90165396953	875.003286867
1.90491680032	861.221114655
1.90817963111	847.640482673
1.91144246191	834.258575389
1.9147052927	821.072615181
1.9179681235	808.079861842
1.92123095429	795.277612095
1.92449378508	782.663199112
1.92775661588	770.233992039
1.93101944667	757.987395526
1.93428227747	745.920849267
1.93754510826	734.031827539
1.94080793905	722.317838754
1.94407076985	710.776425013
1.94733360064	699.405161665
1.95059643144	688.201656872
1.95385926223	677.163551182
1.95712209302	666.288517105
1.96038492382	655.574258693
1.96364775461	645.018511131
1.9669105854	634.619040323
1.9701734162	624.373642497
1.97343624699	614.280143802
1.97669907779	604.336399918
1.97996190858	594.540295669
1.98322473937	584.889744637
1.98648757017	575.382688791
1.98975040096	566.017098107
1.99301323176	556.790970205
1.99627606255	547.702329982
1.99953889334	538.749229255
2.00280172414	529.929746409
2.00606455493	521.241986041
2.00932738573	512.68407862
2.01259021652	504.254180146
2.01585304731	495.95047181
2.01911587811	487.771159663
2.0223787089	479.71447429
2.0256415397	471.778670485
2.02890437049	463.962026929
2.03216720128	456.262845877
2.03543003208	448.679452846
2.03869286287	441.210196307
2.04195569366	433.85344738
2.04521852446	426.607599536
2.04848135525	419.471068299
2.05174418605	412.442290958
2.05500701684	405.519726271
2.05826984763	398.701854189
2.06153267843	391.987175569
2.06479550922	385.374211896
2.06805834002	378.861505013
2.07132117081	372.447616849
2.0745840016	366.13112915
2.0778468324	359.910643217
2.08110966319	353.784779646
2.08437249399	347.752178072
2.08763532478	341.811496912
2.09089815557	335.961413119
2.09416098637	330.200621932
2.09742381716	324.527836632
2.10068664796	318.941788305
2.10394947875	313.441225599
2.10721230954	308.024914494
2.11047514034	302.691638066
2.11373797113	297.440196264
2.11700080192	292.269405678
2.12026363272	287.178099323
2.12352646351	282.165126413
2.12678929431	277.229352148
2.1300521251	272.369657499
2.13331495589	267.584938994
2.13657778669	262.874108514
2.13984061748	258.236093084
2.14310344828	253.669834668
2.14636627907	249.174289974
2.14962910986	244.748430249
2.15289194066	240.391241089
2.15615477145	236.101722244
2.15941760225	231.878887427
2.16268043304	227.721764127
2.16594326383	223.629393421
2.16920609463	219.600829796
2.17246892542	215.635140964
2.17573175621	211.731407683
2.17899458701	207.888723584
2.1822574178	204.106194997
2.1855202486	200.382940777
2.18878307939	196.718092136
2.19204591018	193.110792477
2.19530874098	189.560197227
2.19857157177	186.065473676
2.20183440257	182.625800816
2.20509723336	179.240369182
2.20836006415	175.908380695
2.21162289495	172.629048512
2.21488572574	169.401596865
2.21814855654	166.225260918
2.22141138733	163.099286619
2.22467421812	160.022930546
2.22793704892	156.995459771
2.23119987971	154.016151711
2.23446271051	151.084293992
2.2377255413	148.199184308
2.24098837209	145.360130281
2.24425120289	142.566449333
2.24751403368	139.817468544
2.25077686447	137.112524526
2.25403969527	134.450963293
2.25730252606	131.832140127
2.26056535686	129.255419458
2.26382818765	126.720174737
2.26709101844	124.22578831
2.27035384924	121.7716513
2.27361668003	119.357163484
2.27687951083	116.981733176
2.28014234162	114.644777112
2.28340517241	112.345720329
2.28666800321	110.083996057
2.289930834	107.859045605
2.2931936648	105.670318247
2.29645649559	103.517271117
2.29971932638	101.399369098
2.30298215718	99.3160847172
2.30624498797	97.2668980402
2.30950781877	95.2512965673
2.31277064956	93.2687751313
2.31603348035	91.3188357967
2.31929631115	89.4009877596
2.32255914194	87.5147472497
2.32582197273	85.6596374335
2.32908480353	83.8351883182
2.33234763432	82.0409366575
2.33561046512	80.2764258583
2.33887329591	78.5412058889
2.3421361267	76.8348331883
2.3453989575	75.1568705764
2.34866178829	73.5068871663
2.35192461909	71.8844582765
2.35518744988	70.2891653453
2.35845028067	68.7205958462
2.36171311147	67.1783432035
2.36497594226	65.6620067108
2.36823877306	64.1711914484
2.37150160385	62.7055082038
2.37476443464	61.2645733921
2.37802726544	59.8480089777
2.38129009623	58.4554423972
2.38455292702	57.0865064835
2.38781575782	55.7408393902
2.39107858861	54.4180845179
2.39434141941	53.1178904408
2.3976042502	51.839910835
2.40086708099	50.5838044067
2.40412991179	49.3492348226
2.40739274258	48.1358706404
2.41065557338	46.9433852404
2.41391840417	45.7714567581
2.41718123496	44.6197680179
2.42044406576	43.4880064674
2.42370689655	42.3758641126
2.42696972735	41.2830374542
2.43023255814	40.2092274244
2.43349538893	39.1541393252
2.43675821973	38.1174827665
2.44002105052	37.0989716064
2.44328388132	36.0983238908
2.44654671211	35.1152617951
2.4498095429	34.149511566
2.4530723737	33.2008034641
2.45633520449	32.2688717078
2.45959803528	31.3534544172
2.46286086608	30.4542935593
2.46612369687	29.5711348939
2.46938652767	28.7037279202
2.47264935846	27.8518258236
2.47591218925	27.0151854242
2.47917502005	26.1935671252
2.48243785084	25.3867348626
2.48570068164	24.5944560546
2.48896351243	23.8165015532
2.49222634322	23.052645595
2.49548917402	22.3026657537
2.49875200481	21.5663428924
2.50201483561	20.8434611175
2.5052776664	20.1338077323
2.50854049719	19.4371731919
2.51180332799	18.7533510584
2.51506615878	18.0821379567
2.51832898957	17.4233335312
2.52159182037	16.7767404027
2.52485465116	16.142164126
2.52811748196	15.5194131485
2.53138031275	14.9082987687
2.53464314354	14.3086350957
2.53790597434	13.7202390091
2.54116880513	13.1429301196
2.54443163593	12.57653073
2.54769446672	12.0208657968
2.55095729751	11.4757628922
2.55422012831	10.9410521668
2.5574829591	10.4165663127
2.5607457899	9.9021405272
2.56400862069	9.39761247707
2.56727145148	8.90282226293
2.57053428228	8.41761238453
2.57379711307	7.94182770636
2.57705994387	7.47531542374
2.58032277466	7.01792502934
2.58358560545	6.56950828022
2.58684843625	6.12991916534
2.59011126704	5.69901387342
2.59337409783	5.27665076136
2.59663692863	4.86269032301
2.59989975942	4.45699515846
2.60316259022	4.05942994365
2.60642542101	3.66986140051
2.6096882518	3.28815826742
2.6129510826	2.91419127013
2.61621391339	2.5478330931
2.61947674419	2.18895835121
2.62273957498	1.83744356182
2.62600240577	1.49316711735
2.62926523657	1.15600925807
2.63252806736	0.825852045429
2.63579089816	0.502579335645
2.63905372895	0.186076753711
2.64231655974	-0.123768332244
2.64557939054	-0.427066836237
2.64884222133	-0.72392797936
2.65210505213	-1.01445931437
2.65536788292	-1.2987667499
2.65863071371	-1.5769545744
2.66189354451	-1.84912547968
2.6651563753	-2.11538058411
2.66841920609	-2.3758194556
2.67168203689	-2.63054013414
2.67494486768	-2.87963915407
2.67820769848	-3.12321156607
2.68147052927	-3.36135095877
2.68473336006	-3.59414948016
2.68799619086	-3.82169785856
2.69125902165	-4.04408542342
2.69452185245	-4.26140012578
2.69778468324	-4.47372855843
2.70104751403	-4.68115597579
2.70431034483	-4.88376631354
2.70757317562	-5.08164220793
2.71083600642	-5.27486501486
2.71409883721	-5.46351482865
2.717361668	-5.64767050058
2.7206244988	-5.82740965716
2.72388732959	-6.00280871811
2.72715016038	-6.17394291414
2.73041299118	-6.34088630443
2.73367582197	-6.50371179391
2.73693865277	-6.66249115022
2.74020148356	-6.81729502054
2.74346431435	-6.96819294807
2.74672714515	-7.11525338835
2.74998997594	-7.25854372533
2.75325280674	-7.39813028719
2.75651563753	-7.53407836196
2.75977846832	-7.66645221293
2.76304129912	-7.79531509377
2.76630412991	-7.92072926355
2.76956696071	-8.04275600145
2.7728297915	-8.16145562129
2.77609262229	-8.27688748587
2.77935545309	-8.38911002109
2.78261828388	-8.49818072985
2.78588111468	-8.60415620583
2.78914394547	-8.70709214695
2.79240677626	-8.80704336874
2.79566960706	-8.90406381749
2.79893243785	-8.99820658318
2.80219526864	-9.08952391227
2.80545809944	-9.17806722029
2.80872093023	-9.26388710422
2.81198376103	-9.34703335476
2.81524659182	-9.42755496837
2.81850942261	-9.50550015912
2.82177225341	-9.58091637046
2.8250350842	-9.65385028672
2.828297915	-9.72434784451
2.83156074579	-9.79245424392
2.83482357658	-9.85821395957
2.83808640738	-9.92167075154
2.84134923817	-9.98286767606
2.84461206897	-10.0418470961
2.84787489976	-10.0986506919
2.85113773055	-10.1533194711
2.85440056135	-10.205893779
2.85766339214	-10.2564133083
2.86092622294	-10.3049171093
2.86418905373	-10.3514435995
2.86745188452	-10.396030573
2.87071471532	-10.4387152098
2.87397754611	-10.4795340857
2.8772403769	-10.5185231808
2.8805032077	-10.5557178887
2.88376603849	-10.5911530257
2.88702886929	-10.6248628391
2.89029170008	-10.6568810162
2.89355453087	-10.6872406926
2.89681736167	-10.7159744605
2.90008019246	-10.7431143773
2.90334302326	-10.7686919735
2.90660585405	-10.7927382607
2.90986868484	-10.8152837396
2.91313151564	-10.8363584079
2.91639434643	-10.8559917675
2.91965717723	-10.8742128328
2.92292000802	-10.8910501375
2.92618283881	-10.9065317423
2.92944566961	-10.9206852422
2.9327085004	-10.9335377733
2.93597133119	-10.94511602
2.93923416199	-10.9554462221
2.94249699278	-10.9645541814
2.94575982358	-10.9724652684
2.94902265437	-10.9792044293
2.95228548516	-10.984796192
2.95554831596	-10.9892646729
2.95881114675	-10.9926335831
2.96207397755	-10.9949262347
2.96533680834	-10.996165547
2.96859963913	-10.9963740525
2.97186246993	-10.9955739027
2.97512530072	-10.9937868745
2.97838813152	-10.9910343753
2.98165096231	-10.9873374495
2.9849137931	-10.9827167833
2.9881766239	-10.977192711
2.99143945469	-10.97078522
2.99470228549	-10.9635139563
2.99796511628	-10.9553982301
3.00122794707	-10.9464570203
3.00449077787	-10.9367089805
3.00775360866	-10.9261724436
3.01101643945	-10.9148654268
3.01427927025	-10.9028056368
3.01754210104	-10.8900104742
3.02080493184	-10.8764970389
3.02406776263	-10.8622821342
3.02733059342	-10.8473822718
3.03059342422	-10.8318136764
3.03385625501	-10.8155922899
3.03711908581	-10.7987337761
3.0403819166	-10.781253525
3.04364474739	-10.7631666571
3.04690757819	-10.7444880276
3.05017040898	-10.7252322308
3.05343323978	-10.7054136039
3.05669607057	-10.6850462311
3.05995890136	-10.6641439479
3.06322173216	-10.6427203447
3.06648456295	-10.6207887708
3.06974739374	-10.5983623383
3.07301022454	-10.5754539257
3.07627305533	-10.5520761818
3.07953588613	-10.5282415291
3.08279871692	-10.5039621677
3.08606154771	-10.4792500784
3.08932437851	-10.4541170269
3.0925872093	-10.4285745663
3.0958500401	-10.4026340414
3.09911287089	-10.3763065913
3.10237570168	-10.3496031533
3.10563853248	-10.3225344656
3.10890136327	-10.2951110707
3.11216419407	-10.2673433188
3.11542702486	-10.2392413705
3.11868985565	-10.2108151999
3.12195268645	-10.1820745978
3.12521551724	-10.1530291746
3.12847834804	-10.1236883629
3.13174117883	-10.094061421
3.13500400962	-10.0641574349
3.13826684042	-10.0339853217
3.14152967121	-10.0035538324
3.144792502	-9.97287155381
3.1480553328	-9.94194691216
3.15131816359	-9.91078817511
3.15458099439	-9.87940345452
3.15784382518	-9.84780070895
3.16110665597	-9.81598774618
3.16436948677	-9.78397222566
3.16763231756	-9.75176166092
3.17089514836	-9.71936342194
3.17415797915	-9.68678473753
3.17742080994	-9.65403269763
3.18068364074	-9.62111425557
3.18394647153	-9.58803623032
3.18720930233	-9.55480530871
3.19047213312	-9.5214280476
3.19373496391	-9.48791087598
3.19699779471	-9.45426009715
3.2002606255	-9.42048189072
3.2035234563	-9.38658231472
3.20678628709	-9.35256730753
3.21004911788	-9.31844268997
3.21331194868	-9.28421416715
3.21657477947	-9.24988733044
3.21983761026	-9.21546765935
3.22310044106	-9.1809605234
3.22636327185	-9.14637118394
3.22962610265	-9.11170479595
3.23288893344	-9.07696640984
3.23615176423	-9.0421609732
3.23941459503	-9.00729333248
3.24267742582	-8.97236823473
3.24594025662	-8.93739032925
3.24920308741	-8.90236416924
3.2524659182	-8.86729421342
3.255728749	-8.83218482761
3.25899157979	-8.79704028631
3.26225441059	-8.76186477425
3.26551724138	-8.7266623879
3.26878007217	-8.69143713695
3.27204290297	-8.65619294581
3.27530573376	-8.62093365507
3.27856856455	-8.58566302288
3.28183139535	-8.5503847264
3.28509422614	-8.51510236317
3.28835705694	-8.47981945244
3.29161988773	-8.44453943658
3.29488271852	-8.40926568232
3.29814554932	-8.37400148212
3.30140838011	-8.33875005539
3.30467121091	-8.30351454979
3.3079340417	-8.26829804245
3.31119687249	-8.23310354117
3.31445970329	-8.19793398568
3.31772253408	-8.16279224874
3.32098536488	-8.12768113737
3.32424819567	-8.09260339398
3.32751102646	-8.05756169745
3.33077385726	-8.0225586643
3.33403668805	-7.98759684975
3.33729951885	-7.95267874878
3.34056234964	-7.91780679723
3.34382518043	-7.88298337281
3.34708801123	-7.8482107961
3.35035084202	-7.81349133161
3.35361367281	-7.77882718874
3.35687650361	-7.74422052276
3.3601393344	-7.70967343578
3.3634021652	-7.67518797766
3.36666499599	-7.64076614699
3.36992782678	-7.60640989196
3.37319065758	-7.57212111131
3.37645348837	-7.53790165514
3.37971631917	-7.50375332587
3.38297914996	-7.46967787902
3.38624198075	-7.43567702412
3.38950481155	-7.40175242548
3.39276764234	-7.36790570305
3.39603047314	-7.33413843321
3.39929330393	-7.30045214955
3.40255613472	-7.26684834368
3.40581896552	-7.23332846594
3.40908179631	-7.19989392622
3.41234462711	-7.16654609465
3.4156074579	-7.13328630236
3.41887028869	-7.10011584217
3.42213311949	-7.06703596933
3.42539595028	-7.03404790217
3.42865878107	-7.00115282283
3.43192161187	-6.9683518779
3.43518444266	-6.9356461791
3.43844727346	-6.90303680391
3.44171010425	-6.87052479624
3.44497293504	-6.83811116701
3.44823576584	-6.80579689483
3.45149859663	-6.77358292656
3.45476142743	-6.74147017795
3.45802425822	-6.70945953417
3.46128708901	-6.67755185046
3.46454991981	-6.64574795265
3.4678127506	-6.61404863775
3.4710755814	-6.58245467446
3.47433841219	-6.55096680377
3.47760124298	-6.51958573946
3.48086407378	-6.48831216861
3.48412690457	-6.45714675216
3.48738973536	-6.42609012537
3.49065256616	-6.39514289835
3.49391539695	-6.36430565654
3.49717822775	-6.33357896121
3.50044105854	-6.30296334989
3.50370388933	-6.27245933688
3.50696672013	-6.24206741371
3.51022955092	-6.21178804955
3.51349238172	-6.1816216917
3.51675521251	-6.15156876598
3.5200180433	-6.12162967722
3.5232808741	-6.09180480963
3.52654370489	-6.06209452722
3.52980653569	-6.03249917423
3.53306936648	-6.00301907552
3.53633219727	-5.97365453698
3.53959502807	-5.94440584588
3.54285785886	-5.91527327127
3.54612068966	-5.88625706438
3.54938352045	-5.85735745896
3.55264635124	-5.82857467164
3.55590918204	-5.79990890228
3.55917201283	-5.77136033438
3.56243484362	-5.74292913533
3.56569767442	-5.71461545682
3.56896050521	-5.68641943514
3.57222333601	-5.65834119153
3.5754861668	-5.63038083246
3.57874899759	-5.60253844998
3.58201182839	-5.57481412204
3.58527465918	-5.54720791276
3.58853748998	-5.51971987274
3.59180032077	-5.49235003937
3.59506315156	-5.46509843711
3.59832598236	-5.43796507776
3.60158881315	-5.41094996078
3.60485164395	-5.3840530735
3.60811447474	-5.35727439146
3.61137730553	-5.33061387862
3.61464013633	-5.30407148766
3.61790296712	-5.27764716021
3.62116579791	-5.2513408271
3.62442862871	-5.22515240864
3.6276914595	-5.19908181483
3.6309542903	-5.17312894558
3.63421712109	-5.14729369103
3.63747995188	-5.12157593166
3.64074278268	-5.09597553863
3.64400561347	-5.07049237393
3.64726844427	-5.0451262906
3.65053127506	-5.019877133
3.65379410585	-4.99474473695
3.65705693665	-4.96972893
3.66031976744	-4.94482953158
3.66358259824	-4.92004635323
3.66684542903	-4.89537919879
3.67010825982	-4.87082786459
3.67337109062	-4.84639213965
3.67663392141	-4.82207180584
3.67989675221	-4.79786663809
3.683159583	-4.77377640453
3.68642241379	-4.74980086673
3.68968524459	-4.72593977981
3.69294807538	-4.70219289264
3.69621090617	-4.67855994799
3.69947373697	-4.65504068273
3.70273656776	-4.63163482793
3.70599939856	-4.60834210908
3.70926222935	-4.58516224618
3.71252506014	-4.56209495397
3.71578789094	-4.53913994199
3.71905072173	-4.5162969148
3.72231355253	-4.4935655721
3.72557638332	-4.47094560883
3.72883921411	-4.44843671538
3.73210204491	-4.42603857767
3.7353648757	-4.4037508773
3.7386277065	-4.38157329169
3.74189053729	-4.35950549419
3.74515336808	-4.33754715422
3.74841619888	-4.3156979374
3.75167902967	-4.29395750563
3.75494186047	-4.27232551727
3.75820469126	-4.25080162721
3.76146752205	-4.22938548699
3.76473035285	-4.20807674493
3.76799318364	-4.18687504623
3.77125601443	-4.16578003306
3.77451884523	-4.14479134472
3.77778167602	-4.12390861768
3.78104450682	-4.1031314857
3.78430733761	-4.08245957995
3.7875701684	-4.06189252911
3.7908329992	-4.04142995942
3.79409582999	-4.02107149484
3.79735866079	-4.00081675706
3.80062149158	-3.98066536569
3.80388432237	-3.96061693826
3.80714715317	-3.94067109036
3.81040998396	-3.92082743568
3.81367281476	-3.90108558615
3.81693564555	-3.88144515199
3.82019847634	-3.86190574177
3.82346130714	-3.84246696252
3.82672413793	-3.82312841981
3.82998696872	-3.80388971779
3.83324979952	-3.78475045931
3.83651263031	-3.76571024595
3.83977546111	-3.7467686781
3.8430382919	-3.72792535506
3.84630112269	-3.70917987507
3.84956395349	-3.69053183541
3.85282678428	-3.67198083242
3.85608961508	-3.65352646161
3.85935244587	-3.63516831769
3.86261527666	-3.61690599466
3.86587810746	-3.59873908584
3.86914093825	-3.58066718395
3.87240376905	-3.56268988114
3.87566659984	-3.54480676909
3.87892943063	-3.52701743903
3.88219226143	-3.50932148179
3.88545509222	-3.4917184879
3.88871792302	-3.47420804757
3.89198075381	-3.45678975079
3.8952435846	-3.43946318737
3.8985064154	-3.422227947
3.90176924619	-3.40508361924
3.90503207698	-3.38802979365
3.90829490778	-3.37106605976
3.91155773857	-3.35419200716
3.91482056937	-3.33740722554
3.91808340016	-3.3207113047
3.92134623095	-3.30410383461
3.92460906175	-3.28758440548
3.92787189254	-3.27115260774
3.93113472334	-3.25480803212
3.93439755413	-3.23855026968
3.93766038492	-3.22237891183
3.94092321572	-3.2062935504
3.94418604651	-3.19029377762
3.94744887731	-3.17437918623
3.9507117081	-3.15854936942
3.95397453889	-3.14280392095
3.95723736969	-3.12714243513
3.96050020048	-3.11156450686
3.96376303128	-3.09606973166
3.96702586207	-3.08065770572
3.97028869286	-3.06532802589
3.97355152366	-3.05008028976
3.97681435445	-3.03491409562
3.98007718524	-3.01982904254
3.98334001604	-3.00482473039
3.98660284683	-2.98990075983
3.98986567763	-2.97505673237
3.99312850842	-2.96029225038
3.99639133921	-2.94560691711
3.99965417001	-2.93100033673
4.0029170008	-2.91647211433
4.0061798316	-2.90202185594
4.00944266239	-2.88764916857
4.01270549318	-2.87335366023
4.01596832398	-2.85913493993
4.01923115477	-2.84499261771
4.02249398557	-2.83092630465
4.02575681636	-2.81693561291
4.02901964715	-2.80302015572
4.03228247795	-2.78917954743
4.03554530874	-2.77541340349
4.03880813953	-2.76172134048
4.04207097033	-2.74810297612
4.04533380112	-2.73455792933
4.04859663192	-2.72108582016
4.05185946271	-2.70768626989
4.0551222935	-2.69435890097
4.0583851243	-2.6811033371
4.06164795509	-2.66791920319
4.06491078589	-2.65480612539
4.06817361668	-2.64176373111
4.07143644747	-2.62879164904
4.07469927827	-2.61588950913
4.07796210906	-2.60305694261
4.08122493986	-2.59029358203
4.08448777065	-2.57759906123
4.08775060144	-2.56497301538
4.09101343224	-2.55241508096
4.09427626303	-2.5399248958
4.09753909383	-2.52750209907
4.10080192462	-2.51514633129
4.10406475541	-2.50285723433
4.10732758621	-2.49063445144
4.110590417	-2.47847762724
4.11385324779	-2.46638640773
4.11711607859	-2.4543604403
4.12037890938	-2.44239937372
4.12364174018	-2.43050285818
4.12690457097	-2.41867054527
4.13016740176	-2.40690208797
4.13343023256	-2.39519714069
4.13669306335	-2.38355535928
4.13995589415	-2.37197640098
4.14321872494	-2.36045992447
4.14648155573	-2.34900558988
4.14974438653	-2.33761305875
4.15300721732	-2.32628199409
4.15627004812	-2.31501206032
4.15953287891	-2.30380292334
4.1627957097	-2.29265425047
4.1660585405	-2.28156571049
4.16932137129	-2.27053697366
4.17258420209	-2.25956771166
4.17584703288	-2.24865759765
4.17910986367	-2.23780630624
4.18237269447	-2.2270135135
4.18563552526	-2.21627889699
4.18889835605	-2.20560213568
4.19216118685	-2.19498291007
4.19542401764	-2.18442090207
4.19868684844	-2.17391579509
4.20194967923	-2.16346727399
4.20521251002	-2.15307502511
4.20847534082	-2.14273873624
4.21173817161	-2.13245809667
4.21500100241	-2.12223279711
4.2182638332	-2.11206252977
4.22152666399	-2.10194698832
4.22478949479	-2.09188586788
4.22805232558	-2.08187886506
4.23131515638	-2.07192567791
4.23457798717	-2.06202600595
4.23784081796	-2.05217955017
4.24110364876	-2.042386013
4.24436647955	-2.03264509835
4.24762931034	-2.02295651157
4.25089214114	-2.01331995946
4.25415497193	-2.0037351503
4.25741780273	-1.99420179379
4.26068063352	-1.98471960109
4.26394346431	-1.97528828481
4.26720629511	-1.96590755901
4.2704691259	-1.95657713916
4.2737319567	-1.94729674221
4.27699478749	-1.93806608651
4.28025761828	-1.92888489187
4.28352044908	-1.91975287951
4.28678327987	-1.9106697721
4.29004611067	-1.90163529371
4.29330894146	-1.89264916984
4.29657177225	-1.88371112743
4.29983460305	-1.87482089479
4.30309743384	-1.86597820167
4.30636026464	-1.85718277924
4.30962309543	-1.84843436004
4.31288592622	-1.83973267804
4.31614875702	-1.83107746858
4.31941158781	-1.82246846842
4.3226744186	-1.8139054157
4.3259372494	-1.80538804994
4.32920008019	-1.79691611203
4.33246291099	-1.78848934427
4.33572574178	-1.7801074903
4.33898857257	-1.77177029516
4.34225140337	-1.76347750522
4.34551423416	-1.75522886824
4.34877706496	-1.74702413333
4.35203989575	-1.73886305093
4.35530272654	-1.73074537286
4.35856555734	-1.72267085226
4.36182838813	-1.71463924362
4.36509121893	-1.70665030276
4.36835404972	-1.69870378682
4.37161688051	-1.69079945429
4.37487971131	-1.68293706496
4.3781425421	-1.67511637993
4.38140537289	-1.66733716163
4.38466820369	-1.65959917378
4.38793103448	-1.65190218141
4.39119386528	-1.64424595084
4.39445669607	-1.63663024969
4.39771952686	-1.62905484686
4.40098235766	-1.62151951252
4.40424518845	-1.61402401814
4.40750801925	-1.60656813644
4.41077085004	-1.59915164142
4.41403368083	-1.59177430834
4.41729651163	-1.5844359137
4.42055934242	-1.57713623527
4.42382217322	-1.56987505207
4.42708500401	-1.56265214433
4.4303478348	-1.55546729355
4.4336106656	-1.54832028243
4.43687349639	-1.54121089493
4.44013632719	-1.53413891619
4.44339915798	-1.5271041326
4.44666198877	-1.52010633174
4.44992481957	-1.51314530239
4.45318765036	-1.50622083455
4.45645048115	-1.49933271938
4.45971331195	-1.49248074927
4.46297614274	-1.48566471776
4.46623897354	-1.47888441959
4.46950180433	-1.47213965064
4.47276463512	-1.465430208
4.47602746592	-1.45875588988
4.47929029671	-1.45211649568
4.48255312751	-1.44551182593
4.4858159583	-1.43894168231
4.48907878909	-1.43240586764
4.49234161989	-1.42590418589
4.49560445068	-1.41943644213
4.49886728148	-1.41300244257
4.50213011227	-1.40660199455
4.50539294306	-1.4002349065
4.50865577386	-1.39390098798
4.51191860465	-1.38760004963
4.51518143545	-1.38133190321
4.51844426624	-1.37509636155
4.52170709703	-1.36889323857
4.52496992783	-1.3627223493
4.52823275862	-1.35658350981
4.53149558941	-1.35047653725
4.53475842021	-1.34440124985
4.538021251	-1.33835746687
4.5412840818	-1.33234500866
4.54454691259	-1.32636369659
4.54780974338	-1.32041335309
4.55107257418	-1.31449380162
4.55433540497	-1.30860486668
4.55759823577	-1.30274637378
4.56086106656	-1.29691814948
4.56412389735	-1.29112002134
4.56738672815	-1.28535181793
4.57064955894	-1.27961336883
4.57391238974	-1.27390450462
4.57717522053	-1.26822505689
4.58043805132	-1.26257485819
4.58370088212	-1.25695374209
4.58696371291	-1.25136154311
4.5902265437	-1.24579809678
4.5934893745	-1.24026323956
4.59675220529	-1.2347568089
4.60001503609	-1.2292786432
4.60327786688	-1.22382858183
4.60654069767	-1.21840646508
4.60980352847	-1.21301213422
4.61306635926	-1.20764543143
4.61632919006	-1.20230619983
4.61959202085	-1.19699428347
4.62285485164	-1.19170952734
4.62611768244	-1.18645177733
4.62938051323	-1.18122088025
4.63264334403	-1.17601668382
4.63590617482	-1.17083903665
4.63916900561	-1.16568778827
4.64243183641	-1.16056278909
4.6456946672	-1.15546389041
4.648957498	-1.15039094442
4.65222032879	-1.14534380418
4.65548315958	-1.14032232364
4.65874599038	-1.1353263576
4.66200882117	-1.13035576173
4.66527165196	-1.12541039257
4.66853448276	-1.12049010749
4.67179731355	-1.11559476474
4.67506014435	-1.11072422339
4.67832297514	-1.10587834337
4.68158580593	-1.10105698543
4.68484863673	-1.09626001115
4.68811146752	-1.09148728295
4.69137429832	-1.08673866407
4.69463712911	-1.08201401854
4.6978999599	-1.07731321124
4.7011627907	-1.07263610782
4.70442562149	-1.06798257476
4.70768845229	-1.06335247933
4.71095128308	-1.05874568959
4.71421411387	-1.05416207439
4.71747694467	-1.04960150335
4.72073977546	-1.04506384691
4.72400260626	-1.04054897623
4.72726543705	-1.03605676329
4.73052826784	-1.03158708081
4.73379109864	-1.02713980226
4.73705392943	-1.02271480191
4.74031676022	-1.01831195473
4.74357959102	-1.01393113648
4.74684242181	-1.00957222364
4.75010525261	-1.00523509345
4.7533680834	-1.00091962385
4.75663091419	-0.996625693557
4.75989374499	-0.992353181974
4.76315657578	-0.988101969249
4.76641940658	-0.983871936241
4.76968223737	-0.979662964522
4.77294506816	-0.975474936377
4.77620789896	-0.971307734792
4.77947072975	-0.967161243456
4.78273356055	-0.963035346756
4.78599639134	-0.95892992977
4.78925922213	-0.954844878265
4.79252205293	-0.950780078692
4.79578488372	-0.946735418184
4.79904771451	-0.942710784549
4.80231054531	-0.938706066267
4.8055733761	-0.934721152488
4.8088362069	-0.930755933024
4.81209903769	-0.926810298348
4.81536186848	-0.922884139591
4.81862469928	-0.918977348533
4.82188753007	-0.915089817606
4.82515036087	-0.911221439884
4.82841319166	-0.907372109082
4.83167602245	-0.903541719553
4.83493885325	-0.899730166282
4.83820168404	-0.895937344883
4.84146451484	-0.892163151595
4.84472734563	-0.888407483279
4.84799017642	-0.884670237414
4.85125300722	-0.880951312092
4.85451583801	-0.877250606016
4.85777866881	-0.873568018496
4.8610414996	-0.869903449443
4.86430433039	-0.866256799369
4.86756716119	-0.86262796938
4.87082999198	-0.859016861175
4.87409282277	-0.855423377042
4.87735565357	-0.851847419852
4.88061848436	-0.848288893057
4.88388131516	-0.844747700689
4.88714414595	-0.84122374735
4.89040697674	-0.837716938217
4.89366980754	-0.834227179032
4.89693263833	-0.830754376099
4.90019546913	-0.827298436285
4.90345829992	-0.823859267011
4.90672113071	-0.820436776253
4.90998396151	-0.817030872537
4.9132467923	-0.813641464934
4.9165096231	-0.81026846306
4.91977245389	-0.806911777068
4.92303528468	-0.803571317651
4.92629811548	-0.800246996032
4.92956094627	-0.796938723966
4.93282377706	-0.793646413734
4.93608660786	-0.790369978139
4.93934943865	-0.787109330506
4.94261226945	-0.783864384677
4.94587510024	-0.780635055005
4.94913793103	-0.777421256357
4.95240076183	-0.774222904105
4.95566359262	-0.771039914127
4.95892642342	-0.767872202801
4.96218925421	-0.764719687002
4.965452085	-0.761582284103
4.9687149158	-0.758459911966
4.97197774659	-0.755352488944
4.97524057739	-0.752259933873
4.97850340818	-0.749182166076
4.98176623897	-0.746119105351
4.98502906977	-0.743070671977
4.98829190056	-0.740036786705
4.99155473136	-0.737017370756
4.99481756215	-0.734012345821
4.99808039294	-0.731021634055
5.00134322374	-0.728045158075
5.00460605453	-0.725082840959
5.00786888532	-0.722134606238
5.01113171612	-0.719200377901
5.01439454691	-0.716280080384
5.01765737771	-0.713373638574
5.0209202085	-0.710480977802
5.02418303929	-0.707602023841
5.02744587009	-0.704736702904
5.03070870088	-0.701884941641
5.03397153168	-0.699046667137
5.03723436247	-0.696221806908
5.04049719326	-0.693410288898
5.04376002406	-0.690612041479
5.04702285485	-0.687826993445
5.05028568565	-0.685055074011
5.05354851644	-0.682296212812
5.05681134723	-0.679550339897
5.06007417803	-0.676817385727
5.06333700882	-0.674097281177
5.06659983962	-0.671389957527
5.06986267041	-0.668695346463
5.0731255012	-0.666013380074
5.076388332	-0.663343990851
5.07965116279	-0.66068711168
5.08291399358	-0.658042675844
5.08617682438	-0.655410617018
5.08943965517	-0.65279086927
5.09270248597	-0.650183367052
5.09596531676	-0.647588045205
5.09922814755	-0.645004838952
5.10249097835	-0.642433683896
5.10575380914	-0.639874516019
5.10901663994	-0.63732727168
5.11227947073	-0.63479188761
5.11554230152	-0.632268300913
5.11880513232	-0.62975644906
5.12206796311	-0.627256269891
5.12533079391	-0.62476770161
5.1285936247	-0.622290682782
5.13185645549	-0.619825152332
5.13511928629	-0.617371049545
5.13838211708	-0.614928314058
5.14164494787	-0.612496885863
5.14490777867	-0.610076705304
5.14817060946	-0.607667713073
5.15143344026	-0.605269850207
5.15469627105	-0.602883058089
5.15795910184	-0.600507278445
5.16122193264	-0.598142453341
5.16448476343	-0.595788525179
5.16774759423	-0.5934454367
5.17101042502	-0.591113130975
5.17427325581	-0.588791551412
5.17753608661	-0.586480641743
5.1807989174	-0.584180346033
5.1840617482	-0.581890608668
5.18732457899	-0.57961137436
5.19058740978	-0.577342588143
5.19385024058	-0.575084195369
5.19711307137	-0.572836141709
5.20037590217	-0.570598373148
5.20363873296	-0.568370835986
5.20690156375	-0.566153476834
5.21016439455	-0.563946242612
5.21342722534	-0.56174908055
5.21669005613	-0.559561938181
5.21995288693	-0.557384763345
5.22321571772	-0.55521750418
5.22647854852	-0.553060109129
5.22974137931	-0.55091252693
5.2330042101	-0.548774706618
5.2362670409	-0.546646597523
5.23952987169	-0.544528149268
5.24279270249	-0.542419311767
5.24605553328	-0.540320035222
5.24931836407	-0.538230270123
5.25258119487	-0.536149967247
5.25584402566	-0.534079077651
5.25910685646	-0.532017552679
5.26236968725	-0.529965343951
5.26563251804	-0.527922403368
5.26889534884	-0.525888683107
5.27215817963	-0.523864135618
5.27542101043	-0.521848713629
5.27868384122	-0.519842370135
5.28194667201	-0.517845058404
5.28520950281	-0.515856731971
5.2884723336	-0.513877344636
5.29173516439	-0.511906850469
5.29499799519	-0.509945203797
5.29826082598	-0.507992359213
5.30152365678	-0.506048271569
5.30478648757	-0.504112895975
5.30804931836	-0.502186187797
5.31131214916	-0.500268102658
5.31457497995	-0.498358596435
5.31783781075	-0.496457625254
5.32110064154	-0.494565145495
5.32436347233	-0.492681113785
5.32762630313	-0.490805486998
5.33088913392	-0.488938222256
5.33415196472	-0.487079276925
5.33741479551	-0.48522860861
5.3406776263	-0.483386175164
5.3439404571	-0.481551934673
5.34720328789	-0.479725845467
5.35046611868	-0.47790786611
5.35372894948	-0.476097955402
5.35699178027	-0.474296072376
5.36025461107	-0.472502176299
5.36351744186	-0.47071622667
5.36678027265	-0.468938183215
5.37004310345	-0.46716800589
5.37330593424	-0.465405654877
5.37656876504	-0.463651090584
5.37983159583	-0.461904273644
5.38309442662	-0.460165164911
5.38635725742	-0.45843372546
5.38962008821	-0.456709916588
5.39288291901	-0.45499369981
5.3961457498	-0.453285036857
5.39940858059	-0.451583889676
5.40267141139	-0.449890220431
5.40593424218	-0.448203991496
5.40919707298	-0.44652516546
5.41245990377	-0.444853705119
5.41572273456	-0.443189573482
5.41898556536	-0.441532733764
5.42224839615	-0.439883149388
5.42551122694	-0.438240783982
5.42877405774	-0.436605601377
5.43203688853	-0.434977565608
5.43529971933	-0.433356640913
5.43856255012	-0.431742791729
5.44182538091	-0.430135982693
5.44508821171	-0.428536178639
5.4483510425	-0.426943344599
5.4516138733	-0.425357445801
5.45487670409	-0.423778447666
5.45813953488	-0.422206315809
5.46140236568	-0.420641016037
5.46466519647	-0.419082514349
5.46792802727	-0.417530776932
5.47119085806	-0.415985770162
5.47445368885	-0.414447460604
5.47771651965	-0.412915815006
5.48097935044	-0.411390800306
5.48424218123	-0.409872383621
5.48750501203	-0.408360532254
5.49076784282	-0.40685521369
5.49403067362	-0.405356395592
5.49729350441	-0.403864045804
5.5005563352	-0.40237813235
5.503819166	-0.40089862343
5.50708199679	-0.39942548742
5.51034482759	-0.397958692871
5.51360765838	-0.39649820851
5.51687048917	-0.395044003236
5.52013331997	-0.393596046119
5.52339615076	-0.392154306402
5.52665898156	-0.390718753496
5.52992181235	-0.389289356983
5.53318464314	-0.387866086612
5.53644747394	-0.386448912298
5.53971030473	-0.385037804124
5.54297313553	-0.383632732335
5.54623596632	-0.382233667344
5.54949879711	-0.380840579722
5.55276162791	-0.379453440205
5.5560244587	-0.378072219691
5.55928728949	-0.376696889234
5.56255012029	-0.375327420051
5.56581295108	-0.373963783514
5.56907578188	-0.372605951155
5.57233861267	-0.37125389466
5.57560144346	-0.36990758587
5.57886427426	-0.368566996782
5.58212710505	-0.367232099546
5.58538993585	-0.365902866462
5.58865276664	-0.364579269984
5.59191559743	-0.363261282716
5.59517842823	-0.361948877412
5.59844125902	-0.360642026974
5.60170408982	-0.359340704452
5.60496692061	-0.358044883044
5.6082297514	-0.356754536092
5.6114925822	-0.355469637085
5.61475541299	-0.354190159657
5.61801824379	-0.352916077582
5.62128107458	-0.351647364782
5.62454390537	-0.350383995316
5.62780673617	-0.349125943386
5.63106956696	-0.347873183334
5.63433239775	-0.34662568964
5.63759522855	-0.345383436926
5.64085805934	-0.344146399946
5.64412089014	-0.342914553596
5.64738372093	-0.341687872905
5.65064655172	-0.340466333039
5.65390938252	-0.339249909295
5.65717221331	-0.338038577108
5.66043504411	-0.336832312042
5.6636978749	-0.335631089795
5.66696070569	-0.334434886195
5.67022353649	-0.333243677203
5.67348636728	-0.332057438905
5.67674919808	-0.33087614752
5.68001202887	-0.329699779392
5.68327485966	-0.328528310996
5.68653769046	-0.327361718929
5.68980052125	-0.326199979917
5.69306335204	-0.325043070811
5.69632618284	-0.323890968584
5.69958901363	-0.322743650334
5.70285184443	-0.321601093283
5.70611467522	-0.320463274773
5.70937750601	-0.319330172269
5.71264033681	-0.318201763355
5.7159031676	-0.317078025737
5.7191659984	-0.315958937238
5.72242882919	-0.314844475802
5.72569165998	-0.313734619488
5.72895449078	-0.312629346475
5.73221732157	-0.311528635056
5.73548015237	-0.310432463642
5.73874298316	-0.309340810757
5.74200581395	-0.308253655041
5.74526864475	-0.307170975247
5.74853147554	-0.30609275024
5.75179430634	-0.305018959
5.75505713713	-0.303949580617
5.75831996792	-0.302884594291
5.76158279872	-0.301823979335
5.76484562951	-0.300767715171
5.7681084603	-0.299715781328
5.7713712911	-0.298668157446
5.77463412189	-0.297624823272
5.77789695269	-0.29658575866
5.78115978348	-0.295550943571
5.78442261427	-0.294520358071
5.78768544507	-0.293493982333
5.79094827586	-0.292471796634
5.79421110666	-0.291453781354
5.79747393745	-0.290439916978
5.80073676824	-0.289430184093
5.80399959904	-0.288424563389
5.80726242983	-0.287423035657
5.81052526063	-0.286425581789
5.81378809142	-0.28543218278
5.81705092221	-0.284442819721
5.82031375301	-0.283457473804
5.8235765838	-0.282476126322
5.8268394146	-0.281498758662
5.83010224539	-0.280525352313
5.83336507618	-0.279555888857
5.83662790698	-0.278590349976
5.83989073777	-0.277628717446
5.84315356856	-0.276670973138
5.84641639936	-0.275717099019
5.84967923015	-0.27476707715
5.85294206095	-0.273820889686
5.85620489174	-0.272878518874
5.85946772253	-0.271939947055
5.86273055333	-0.271005156661
5.86599338412	-0.270074130217
5.86925621492	-0.269146850337
5.87251904571	-0.268223299728
5.8757818765	-0.267303461184
5.8790447073	-0.266387317593
5.88230753809	-0.265474851926
5.88557036889	-0.264566047248
5.88883319968	-0.263660886708
5.89209603047	-0.262759353545
5.89535886127	-0.261861431084
5.89862169206	-0.260967102736
5.90188452285	-0.260076351997
5.90514735365	-0.259189162452
5.90841018444	-0.258305517768
5.91167301524	-0.257425401697
5.91493584603	-0.256548798074
5.91819867682	-0.255675690821
5.92146150762	-0.254806063939
5.92472433841	-0.253939901513
5.92798716921	-0.253077187712
5.93125	-0.252217906783
5.93451283079	-0.251362043057
5.93777566159	-0.250509580945
5.94103849238	-0.249660504937
5.94430132318	-0.248814799604
5.94756415397	-0.247972449596
5.95082698476	-0.247133439642
5.95408981556	-0.246297754549
5.95735264635	-0.245465379203
5.96061547715	-0.244636298565
5.96387830794	-0.243810497676
5.96714113873	-0.242987961651
5.97040396953	-0.242168675684
5.97366680032	-0.241352625043
5.97692963111	-0.240539795071
5.98019246191	-0.239730171187
5.9834552927	-0.238923738883
5.9867181235	-0.238120483727
5.98998095429	-0.23732039136
5.99324378508	-0.236523447495
5.99650661588	-0.235729637919
5.99976944667	-0.23493894849
6.00303227747	-0.234151365141
6.00629510826	-0.233366873873
6.00955793905	-0.232585460761
6.01282076985	-0.231807111948
6.01608360064	-0.231031813651
6.01934643144	-0.230259552152
6.02260926223	-0.229490313808
6.02587209302	-0.228724085041
6.02913492382	-0.227960852344
6.03239775461	-0.227200602277
6.0356605854	-0.22644332147
6.0389234162	-0.225688996619
6.04218624699	-0.224937614488
6.04544907779	-0.224189161906
6.04871190858	-0.223443625772
6.05197473937	-0.222700993048
6.05523757017	-0.221961250764
6.05850040096	-0.221224386013
6.06176323176	-0.220490385955
6.06502606255	-0.219759237814
6.06828889334	-0.219030928878
6.07155172414	-0.2183054465
6.07481455493	-0.217582778095
6.07807738573	-0.216862911143
6.08134021652	-0.216145833184
6.08460304731	-0.215431531825
6.08786587811	-0.21471999473
6.0911287089	-0.214011209629
6.0943915397	-0.213305164312
6.09765437049	-0.21260184663
6.10091720128	-0.211901244493
6.10418003208	-0.211203345876
6.10744286287	-0.210508138809
6.11070569366	-0.209815611386
6.11396852446	-0.209125751757
6.11723135525	-0.208438548134
6.12049418605	-0.207753988786
6.12375701684	-0.207072062041
6.12701984763	-0.206392756286
6.13028267843	-0.205716059964
6.13354550922	-0.205041961577
6.13680834002	-0.204370449683
6.14007117081	-0.203701512898
6.1433340016	-0.203035139894
6.1465968324	-0.202371319399
6.14985966319	-0.201710040199
6.15312249399	-0.201051291131
6.15638532478	-0.200395061093
6.15964815557	-0.199741339033
6.16291098637	-0.199090113958
6.16617381716	-0.198441374925
6.16943664796	-0.197795111049
6.17269947875	-0.197151311497
6.17596230954	-0.196509965489
6.17922514034	-0.1958710623
6.18248797113	-0.195234591256
6.18575080192	-0.194600541737
6.18901363272	-0.193968903175
6.19227646351	-0.193339665053
6.19553929431	-0.192712816908
6.1988021251	-0.192088348326
6.20206495589	-0.191466248946
6.20532778669	-0.190846508457
6.20859061748	-0.1902291166
6.21185344828	-0.189614063163
6.21511627907	-0.189001337989
6.21837910986	-0.188390930967
6.22164194066	-0.187782832037
6.22490477145	-0.187177031188
6.22816760225	-0.186573518458
6.23143043304	-0.185972283934
6.23469326383	-0.185373317751
6.23795609463	-0.184776610092
6.24121892542	-0.184182151191
6.24448175621	-0.183589931324
6.24774458701	-0.182999940819
6.2510074178	-0.182412170051
6.2542702486	-0.181826609438
6.25753307939	-0.18124324945
6.26079591018	-0.180662080599
6.26405874098	-0.180083093445
6.26732157177	-0.179506278595
6.27058440257	-0.1789316267
6.27384723336	-0.178359128456
6.27711006415	-0.177788774606
6.28037289495	-0.177220555937
6.28363572574	-0.176654463281
6.28689855654	-0.176090487513
6.29016138733	-0.175528619554
6.29342421812	-0.174968850368
6.29668704892	-0.174411170963
6.29994987971	-0.173855572391
6.30321271051	-0.173302045747
6.3064755413	-0.172750582167
6.30973837209	-0.172201172834
6.31300120289	-0.171653808969
6.31626403368	-0.171108481838
6.31952686447	-0.17056518275
6.32278969527	-0.170023903052
6.32605252606	-0.169484634137
6.32931535686	-0.168947367437
6.33257818765	-0.168412094425
6.33584101844	-0.167878806617
6.33910384924	-0.167347495567
6.34236668003	-0.166818152873
6.34562951083	-0.166290770169
6.34889234162	-0.165765339133
6.35215517241	-0.165241851481
6.35541800321	-0.164720298968
6.358680834	-0.164200673392
6.3619436648	-0.163682966585
6.36520649559	-0.163167170423
6.36846932638	-0.162653276818
6.37173215718	-0.162141277721
6.37499498797	-0.161631165123
6.37825781877	-0.16112293105
6.38152064956	-0.160616567569
6.38478348035	-0.160112066785
6.38804631115	-0.159609420838
6.39130914194	-0.159108621907
6.39457197273	-0.158609662209
6.39783480353	-0.158112533997
6.40109763432	-0.15761722956
6.40436046512	-0.157123741226
6.40762329591	-0.156632061358
6.4108861267	-0.156142182354
6.4141489575	-0.155654096651
6.41741178829	-0.15516779672
6.42067461909	-0.154683275067
6.42393744988	-0.154200524235
6.42720028067	-0.153719536802
6.43046311147	-0.153240305381
6.43372594226	-0.152762822619
6.43698877306	-0.152287081199
6.44025160385	-0.151813073839
6.44351443464	-0.151340793289
6.44677726544	-0.150870232335
6.45004009623	-0.150401383798
6.45330292702	-0.149934240531
6.45656575782	-0.14946879542
6.45982858861	-0.149005041388
6.46309141941	-0.148542971387
6.4663542502	-0.148082578405
6.46961708099	-0.147623855462
6.47287991179	-0.147166795612
6.47614274258	-0.146711391939
6.47940557338	-0.146257637562
6.48266840417	-0.145805525631
6.48593123496	-0.145355049328
6.48919406576	-0.144906201868
6.49245689655	-0.144458976498
6.49571972735	-0.144013366494
6.49898255814	-0.143569365166
6.50224538893	-0.143126965854
6.50550821973	-0.142686161931
6.50877105052	-0.142246946798
6.51203388132	-0.141809313889
6.51529671211	-0.141373256668
6.5185595429	-0.140938768629
6.5218223737	-0.140505843298
6.52508520449	-0.140074474229
6.52834803528	-0.139644655008
6.53161086608	-0.139216379248
6.53487369687	-0.138789640595
6.53813652767	-0.138364432722
6.54139935846	-0.137940749333
6.54466218925	-0.137518584162
6.54792502005	-0.137097930968
6.55118785084	-0.136678783544
6.55445068164	-0.136261135708
6.55771351243	-0.135844981309
6.56097634322	-0.135430314224
6.56423917402	-0.135017128357
6.56750200481	-0.134605417641
6.57076483561	-0.134195176038
6.5740276664	-0.133786397536
6.57729049719	-0.133379076154
6.58055332799	-0.132973205934
6.58381615878	-0.132568780949
6.58707898957	-0.132165795299
6.59034182037	-0.131764243109
6.59360465116	-0.131364118534
6.59686748196	-0.130965415753
6.60013031275	-0.130568128974
6.60339314354	-0.130172252432
6.60665597434	-0.129777780385
6.60991880513	-0.129384707122
6.61318163593	-0.128993026954
6.61644446672	-0.128602734221
6.61970729751	-0.128213823289
6.62297012831	-0.127826288547
6.6262329591	-0.127440124413
6.6294957899	-0.127055325329
6.63275862069	-0.126671885761
6.63602145148	-0.126289800204
6.63928428228	-0.125909063175
6.64254711307	-0.125529669218
6.64580994387	-0.125151612899
6.64907277466	-0.124774888813
6.65233560545	-0.124399491577
6.65559843625	-0.124025415832
6.65886126704	-0.123652656246
6.66212409783	-0.123281207509
6.66538692863	-0.122911064335
6.66864975942	-0.122542221465
6.67191259022	-0.122174673661
6.67517542101	-0.121808415709
6.6784382518	-0.12144344242
6.6817010826	-0.121079748629
6.68496391339	-0.120717329191
6.68822674419	-0.12035617899
6.69148957498	-0.119996292927
6.69475240577	-0.119637665931
6.69801523657	-0.119280292951
6.70127806736	-0.118924168961
6.70454089816	-0.118569288955
6.70780372895	-0.118215647953
6.71106655974	-0.117863240995
6.71432939054	-0.117512063144
6.71759222133	-0.117162109486
6.72085505213	-0.116813375128
6.72411788292	-0.116465855201
6.72738071371	-0.116119544856
6.73064354451	-0.115774439266
6.7339063753	-0.115430533626
6.73716920609	-0.115087823155
6.74043203689	-0.114746303089
6.74369486768	-0.11440596869
6.74695769848	-0.114066815238
6.75022052927	-0.113728838035
6.75348336006	-0.113392032404
6.75674619086	-0.113056393692
6.76000902165	-0.112721917261
6.76327185245	-0.1123885985
6.76653468324	-0.112056432814
6.76979751403	-0.11172541563
6.77306034483	-0.111395542397
6.77632317562	-0.111066808583
6.77958600642	-0.110739209676
6.78284883721	-0.110412741184
6.786111668	-0.110087398637
6.7893744988	-0.109763177582
6.79263732959	-0.109440073589
6.79590016038	-0.109118082245
6.79916299118	-0.108797199158
6.80242582197	-0.108477419957
6.80568865277	-0.108158740287
6.80895148356	-0.107841155815
6.81221431435	-0.107524662227
6.81547714515	-0.107209255227
6.81873997594	-0.106894930539
6.82200280674	-0.106581683906
6.82526563753	-0.10626951109
6.82852846832	-0.105958407871
6.83179129912	-0.105648370049
6.83505412991	-0.105339393441
6.83831696071	-0.105031473884
6.8415797915	-0.104724607232
6.84484262229	-0.104418789359
6.84810545309	-0.104114016156
6.85136828388	-0.103810283533
6.85463111468	-0.103507587418
6.85789394547	-0.103205923755
6.86115677626	-0.102905288509
6.86441960706	-0.102605677661
6.86768243785	-0.102307087209
6.87094526864	-0.102009513172
6.87420809944	-0.101712951582
6.87747093023	-0.101417398492
6.88073376103	-0.101122849971
6.88399659182	-0.100829302105
6.88725942261	-0.100536750998
6.89052225341	-0.10024519277
6.8937850842	-0.0999546235589
6.897047915	-0.09966503952
6.90031074579	-0.0993764368245
6.90357357658	-0.0990888116608
6.90683640738	-0.098802160234
6.91009923817	-0.0985164787658
6.91336206897	-0.0982317634944
6.91662489976	-0.0979480106744
6.91988773055	-0.097665216577
6.92315056135	-0.0973833774896
6.92641339214	-0.0971024897158
6.92967622294	-0.0968225495752
6.93293905373	-0.0965435534038
6.93620188452	-0.0962654975534
6.93946471532	-0.0959883783916
6.94272754611	-0.095712192302
6.9459903769	-0.0954369356839
6.9492532077	-0.0951626049523
6.95251603849	-0.0948891965379
6.95577886929	-0.0946167068866
6.95904170008	-0.0943451324601
6.96230453087	-0.0940744697353
6.96556736167	-0.0938047152044
6.96883019246	-0.093535865375
6.97209302326	-0.0932679167697
6.97535585405	-0.0930008659262
6.97861868484	-0.0927347093971
6.98188151564	-0.0924694437502
6.98514434643	-0.092205065568
6.98840717723	-0.0919415714478
6.99167000802	-0.0916789580017
6.99493283881	-0.0914172218562
6.99819566961	-0.0911563596528
7.0014585004	-0.0908963680471
7.00472133119	-0.0906372437094
7.00798416199	-0.0903789833242
7.01124699278	-0.0901215835905
7.01450982358	-0.0898650412214
7.01777265437	-0.0896093529441
7.02103548516	-0.0893545155
7.02429831596	-0.0891005256446
7.02756114675	-0.0888473801472
7.03082397755	-0.088595075791
7.03408680834	-0.0883436093732
7.03734963913	-0.0880929777045
7.04061246993	-0.0878431776096
7.04387530072	-0.0875942059266
7.04713813152	-0.0873460595073
7.05040096231	-0.0870987352168
7.0536637931	-0.0868522299339
7.0569266239	-0.0866065405506
7.06018945469	-0.0863616639722
7.06345228549	-0.0861175971173
7.06671511628	-0.0858743369178
7.06997794707	-0.0856318803185
7.07324077787	-0.0853902242773
7.07650360866	-0.0851493657652
7.07976643945	-0.0849093017661
7.08302927025	-0.0846700292766
7.08629210104	-0.0844315453064
7.08955493184	-0.0841938468777
7.09281776263	-0.0839569310256
7.09608059342	-0.0837207947975
7.09934342422	-0.0834854352538
7.10260625501	-0.083250849467
7.10586908581	-0.0830170345224
7.1091319166	-0.0827839875174
7.11239474739	-0.0825517055619
7.11565757819	-0.0823201857779
7.11892040898	-0.0820894252999
7.12218323978	-0.0818594212743
7.12544607057	-0.0816301708597
7.12870890136	-0.0814016712268
7.13197173216	-0.0811739195581
7.13523456295	-0.0809469130482
7.13849739374	-0.0807206489035
7.14176022454	-0.0804951243422
7.14502305533	-0.0802703365944
7.14828588613	-0.0800462829017
7.15154871692	-0.0798229605174
7.15481154771	-0.0796003667066
7.15807437851	-0.0793784987456
7.1613372093	-0.0791573539224
7.1646000401	-0.0789369295365
7.16786287089	-0.0787172228986
7.17112570168	-0.0784982313307
7.17438853248	-0.0782799521664
7.17765136327	-0.0780623827501
7.18091419407	-0.0778455204376
7.18417702486	-0.0776293625957
7.18743985565	-0.0774139066025
7.19070268645	-0.0771991498468
7.19396551724	-0.0769850897286
7.19722834804	-0.0767717236586
7.20049117883	-0.0765590490585
7.20375400962	-0.0763470633608
7.20701684042	-0.0761357640087
7.21027967121	-0.075925148456
7.213542502	-0.0757152141675
7.2168053328	-0.0755059586183
7.22006816359	-0.075297379294
7.22333099439	-0.0750894736911
7.22659382518	-0.0748822393161
7.22985665597	-0.0746756736862
7.23311948677	-0.0744697743289
7.23638231756	-0.0742645387819
7.23964514836	-0.0740599645933
7.24290797915	-0.0738560493214
7.24617080994	-0.0736527905346
7.24943364074	-0.0734501858114
7.25269647153	-0.0732482327405
7.25595930233	-0.0730469289206
7.25922213312	-0.0728462719603
7.26248496391	-0.0726462594782
7.26574779471	-0.0724468891028
7.2690106255	-0.0722481584723
7.2722734563	-0.0720500652349
7.27553628709	-0.0718526070484
7.27879911788	-0.0716557815805
7.28206194868	-0.0714595865083
7.28532477947	-0.0712640195187
7.28858761026	-0.0710690783082
7.29185044106	-0.0708747605827
7.29511327185	-0.0706810640576
7.29837610265	-0.0704879864578
7.30163893344	-0.0702955255177
7.30490176423	-0.0701036789809
7.30816459503	-0.0699124446002
7.31142742582	-0.0697218201381
7.31469025662	-0.0695318033658
7.31795308741	-0.069342392064
7.3212159182	-0.0691535840226
7.324478749	-0.0689653770404
7.32774157979	-0.0687777689253
7.33100441059	-0.0685907574943
7.33426724138	-0.0684043405733
7.33753007217	-0.0682185159972
7.34079290297	-0.0680332816098
7.34405573376	-0.0678486352637
7.34731856455	-0.0676645748202
7.35058139535	-0.0674810981497
7.35384422614	-0.067298203131
7.35710705694	-0.0671158876517
7.36036988773	-0.0669341496082
7.36363271852	-0.0667529869054
7.36689554932	-0.0665723974566
7.37015838011	-0.0663923791839
7.37342121091	-0.0662129300178
7.3766840417	-0.0660340478973
7.37994687249	-0.0658557307697
7.38320970329	-0.0656779765907
7.38647253408	-0.0655007833245
7.38973536488	-0.0653241489435
7.39299819567	-0.0651480714284
7.39626102646	-0.0649725487679
7.39952385726	-0.0647975789593
7.40278668805	-0.0646231600078
7.40604951885	-0.0644492899267
7.40931234964	-0.0642759667374
7.41257518043	-0.0641031884695
7.41583801123	-0.0639309531605
7.41910084202	-0.0637592588557
7.42236367281	-0.0635881036087
7.42562650361	-0.0634174854807
7.4288893344	-0.0632474025408
7.4321521652	-0.0630778528661
7.43541499599	-0.0629088345414
7.43867782678	-0.0627403456592
7.44194065758	-0.0625723843197
7.44520348837	-0.0624049486309
7.44846631917	-0.0622380367085
7.45172914996	-0.0620716466756
7.45499198075	-0.061905776663
7.45825481155	-0.0617404248092
7.46151764234	-0.0615755892599
7.46478047314	-0.0614112681687
7.46804330393	-0.0612474596961
7.47130613472	-0.0610841620106
7.47456896552	-0.0609213732876
7.47783179631	-0.0607590917102
7.48109462711	-0.0605973154686
7.4843574579	-0.0604360427603
7.48762028869	-0.0602752717902
7.49088311949	-0.0601150007704
7.49414595028	-0.0599552279199
7.49740878107	-0.0597959514651
7.50067161187	-0.0596371696397
7.50393444266	-0.059478880684
7.50719727346	-0.0593210828458
7.51046010425	-0.0591637743797
7.51372293504	-0.0590069535473
7.51698576584	-0.0588506186173
7.52024859663	-0.0586947678653
7.52351142743	-0.0585393995736
7.52677425822	-0.0583845120315
7.53003708901	-0.0582301035354
7.53329991981	-0.0580761723881
7.5365627506	-0.0579227168993
7.5398255814	-0.0577697353856
7.54308841219	-0.0576172261702
7.54635124298	-0.0574651875831
7.54961407378	-0.0573136179606
7.55287690457	-0.0571625156462
7.55613973536	-0.0570118789896
7.55940256616	-0.056861706347
7.56266539695	-0.0567119960816
7.56592822775	-0.0565627465626
7.56919105854	-0.0564139561661
7.57245388933	-0.0562656232743
7.57571672013	-0.056117746276
7.57897955092	-0.0559703235665
7.58224238172	-0.0558233535474
7.58550521251	-0.0556768346265
7.5887680433	-0.055530765218
7.5920308741	-0.0553851437424
7.59529370489	-0.0552399686266
7.59855653569	-0.0550952383035
7.60181936648	-0.0549509512123
7.60508219727	-0.0548071057984
7.60834502807	-0.0546637005133
7.61160785886	-0.0545207338147
7.61487068966	-0.0543782041663
7.61813352045	-0.0542361100378
7.62139635124	-0.0540944499053
7.62465918204	-0.0539532222504
7.62792201283	-0.0538124255612
7.63118484362	-0.0536720583313
7.63444767442	-0.0535321190606
7.63771050521	-0.0533926062547
7.64097333601	-0.0532535184251
7.6442361668	-0.0531148540893
7.64749899759	-0.0529766117705
7.65076182839	-0.0528387899977
7.65402465918	-0.0527013873057
7.65728748998	-0.0525644022352
7.66055032077	-0.0524278333324
7.66381315156	-0.0522916791494
7.66707598236	-0.0521559382438
7.67033881315	-0.052020609179
7.67360164395	-0.0518856905241
7.67686447474	-0.0517511808534
7.68012730553	-0.0516170787474
7.68339013633	-0.0514833827916
7.68665296712	-0.0513500915774
7.68991579791	-0.0512172037014
7.69317862871	-0.0510847177661
7.6964414595	-0.050952632379
7.6997042903	-0.0508209461534
7.70296712109	-0.0506896577079
7.70622995188	-0.0505587656663
7.70949278268	-0.050428268658
7.71275561347	-0.0502981653177
7.71601844427	-0.0501684542855
7.71928127506	-0.0500391342065
7.72254410585	-0.0499102037313
7.72580693665	-0.0497816615158
7.72906976744	-0.0496535062211
7.73233259824	-0.0495257365133
7.73559542903	-0.0493983510639
7.73885825982	-0.0492713485495
7.74212109062	-0.0491447276519
7.74538392141	-0.0490184870579
7.74864675221	-0.0488926254594
7.751909583	-0.0487671415535
7.75517241379	-0.0486420340423
7.75843524459	-0.0485173016328
7.76169807538	-0.0483929430372
7.76496090617	-0.0482689569725
7.76822373697	-0.0481453421609
7.77148656776	-0.0480220973293
7.77474939856	-0.0478992212096
7.77801222935	-0.0477767125387
7.78127506014	-0.0476545700582
7.78453789094	-0.0475327925148
7.78780072173	-0.0474113786598
7.79106355253	-0.0472903272495
7.79432638332	-0.0471696370448
7.79758921411	-0.0470493068116
7.80085204491	-0.0469293353203
7.8041148757	-0.0468097213463
7.8073777065	-0.0466904636696
7.81064053729	-0.0465715610748
7.81390336808	-0.0464530123512
7.81716619888	-0.046334816293
7.82042902967	-0.0462169716987
7.82369186047	-0.0460994773716
7.82695469126	-0.0459823321196
7.83021752205	-0.0458655347551
7.83348035285	-0.045749084095
7.83674318364	-0.0456329789609
7.84000601443	-0.0455172181788
7.84326884523	-0.0454018005792
7.84653167602	-0.0452867249972
7.84979450682	-0.0451719902722
7.85305733761	-0.0450575952482
7.8563201684	-0.0449435387734
7.8595829992	-0.0448298197006
7.86284582999	-0.0447164368868
7.86610866079	-0.0446033891937
7.86937149158	-0.0444906754869
7.87263432237	-0.0443782946367
7.87589715317	-0.0442662455175
7.87915998396	-0.044154527008
7.88242281476	-0.0440431379914
7.88568564555	-0.0439320773547
7.88894847634	-0.0438213439897
7.89221130714	-0.0437109367919
7.89547413793	-0.0436008546614
7.89873696872	-0.0434910965022
7.90199979952	-0.0433816612226
7.90526263031	-0.0432725477351
7.90852546111	-0.0431637549562
7.9117882919	-0.0430552818066
7.91505112269	-0.042947127211
7.91831395349	-0.0428392900983
7.92157678428	-0.0427317694014
7.92483961508	-0.0426245640572
7.92810244587	-0.0425176730068
7.93136527666	-0.042411095195
7.93462810746	-0.0423048295709
7.93789093825	-0.0421988750875
7.94115376905	-0.0420932307015
7.94441659984	-0.0419878953739
7.94767943063	-0.0418828680695
7.95094226143	-0.0417781477569
7.95420509222	-0.0416737334088
7.95746792302	-0.0415696240015
7.96073075381	-0.0414658185153
7.9639935846	-0.0413623159346
7.9672564154	-0.0412591152471
7.97051924619	-0.0411562154448
7.97378207698	-0.0410536155232
7.97704490778	-0.0409513144817
7.98030773857	-0.0408493113234
7.98357056937	-0.0407476050553
7.98683340016	-0.0406461946879
7.99009623095	-0.0405450792355
7.99335906175	-0.0404442577162
7.99662189254	-0.0403437291518
7.99988472334	-0.0402434925675
8.00314755413	-0.0401435469926
8.00641038492	-0.0400438914595
8.00967321572	-0.0399445250048
8.01293604651	-0.0398454466681
8.01619887731	-0.0397466554932
8.0194617081	-0.0396481505271
8.02272453889	-0.0395499308204
8.02598736969	-0.0394519954273
8.02925020048	-0.0393543434057
8.03251303128	-0.0392569738166
8.03577586207	-0.039159885725
8.03903869286	-0.0390630781991
8.04230152366	-0.0389665503106
8.04556435445	-0.0388703011347
8.04882718524	-0.0387743297501
8.05209001604	-0.0386786352388
8.05535284683	-0.0385832166863
8.05861567763	-0.0384880731815
8.06187850842	-0.0383932038168
8.06514133921	-0.0382986076878
8.06840417001	-0.0382042838935
8.0716670008	-0.0381102315363
8.0749298316	-0.0380164497219
8.07819266239	-0.0379229375594
8.08145549318	-0.0378296941611
8.08471832398	-0.0377367186427
8.08798115477	-0.037644010123
8.09124398557	-0.0375515677242
8.09450681636	-0.0374593905718
8.09776964715	-0.0373674777945
8.10103247795	-0.0372758285242
8.10429530874	-0.0371844418959
8.10755813953	-0.037093317048
8.11082097033	-0.0370024531221
8.11408380112	-0.0369118492627
8.11734663192	-0.0368215046177
8.12060946271	-0.0367314183381
8.1238722935	-0.036641589578
8.1271351243	-0.0365520174947
8.13039795509	-0.0364627012485
8.13366078589	-0.0363736400028
8.13692361668	-0.0362848329243
8.14018644747	-0.0361962791824
8.14344927827	-0.0361079779498
8.14671210906	-0.0360199284022
8.14997493986	-0.0359321297185
8.15323777065	-0.0358445810802
8.15650060144	-0.0357572816723
8.15976343224	-0.0356702306824
8.16302626303	-0.0355834273013
8.16628909383	-0.0354968707226
8.16955192462	-0.0354105601432
8.17281475541	-0.0353244947626
8.17607758621	-0.0352386737833
8.179340417	-0.0351530964109
8.18260324779	-0.0350677618537
8.18586607859	-0.034982669323
8.18912890938	-0.034897818033
8.19239174018	-0.0348132072008
8.19565457097	-0.0347288360462
8.19891740176	-0.0346447037921
8.20218023256	-0.034560809664
8.20544306335	-0.0344771528904
8.20870589415	-0.0343937327025
8.21196872494	-0.0343105483345
8.21523155573	-0.0342275990231
8.21849438653	-0.034144884008
8.22175721732	-0.0340624025317
8.22502004812	-0.0339801538392
8.22828287891	-0.0338981371786
8.2315457097	-0.0338163518004
8.2348085405	-0.0337347969581
8.23807137129	-0.0336534719078
8.24133420209	-0.0335723759083
8.24459703288	-0.0334915082211
8.24785986367	-0.0334108681104
8.25112269447	-0.0333304548431
8.25438552526	-0.0332502676886
8.25764835605	-0.0331703059192
8.26091118685	-0.0330905688096
8.26417401764	-0.0330110556374
8.26743684844	-0.0329317656825
8.27069967923	-0.0328526982278
8.27396251002	-0.0327738525583
8.27722534082	-0.032695227962
8.28048817161	-0.0326168237294
8.28375100241	-0.0325386391534
8.2870138332	-0.0324606735296
8.29027666399	-0.032382926156
8.29353949479	-0.0323053963335
8.29680232558	-0.032228083365
8.30006515638	-0.0321509865563
8.30332798717	-0.0320741052156
8.30659081796	-0.0319974386535
8.30985364876	-0.0319209861833
8.31311647955	-0.0318447471206
8.31637931034	-0.0317687207834
8.31964214114	-0.0316929064924
8.32290497193	-0.0316173035705
8.32616780273	-0.0315419113433
8.32943063352	-0.0314667291385
8.33269346431	-0.0313917562865
8.33595629511	-0.03131699212
8.3392191259	-0.0312424359741
8.3424819567	-0.0311680871862
8.34574478749	-0.0310939450961
8.34900761828	-0.0310200090463
8.35227044908	-0.0309462783811
8.35553327987	-0.0308727524476
8.35879611067	-0.030799430595
8.36205894146	-0.0307263121749
8.36532177225	-0.0306533965413
8.36858460305	-0.0305806830504
8.37184743384	-0.0305081710608
8.37511026464	-0.0304358599332
8.37837309543	-0.0303637490309
8.38163592622	-0.0302918377192
8.38489875702	-0.0302201253657
8.38816158781	-0.0301486113404
8.3914244186	-0.0300772950156
8.3946872494	-0.0300061757654
8.39795008019	-0.0299352529668
8.40121291099	-0.0298645259984
8.40447574178	-0.0297939942413
8.40773857257	-0.029723657079
8.41100140337	-0.0296535138967
8.41426423416	-0.0295835640822
8.41752706496	-0.0295138070254
8.42078989575	-0.0294442421182
8.42405272654	-0.0293748687549
8.42731555734	-0.0293056863316
8.43057838813	-0.029236694247
8.43384121893	-0.0291678919017
8.43710404972	-0.0290992786982
8.44036688051	-0.0290308540416
8.44362971131	-0.0289626173388
8.4468925421	-0.0288945679988
8.45015537289	-0.0288267054328
8.45341820369	-0.028759029054
8.45668103448	-0.0286915382778
8.45994386528	-0.0286242325215
8.46320669607	-0.0285571112046
8.46646952686	-0.0284901737486
8.46973235766	-0.0284234195771
8.47299518845	-0.0283568481156
8.47625801925	-0.0282904587917
8.47952085004	-0.0282242510352
8.48278368083	-0.0281582242775
8.48604651163	-0.0280923779524
8.48930934242	-0.0280267114956
8.49257217322	-0.0279612243446
8.49583500401	-0.0278959159391
8.4990978348	-0.0278307857207
8.5023606656	-0.0277658331329
8.50562349639	-0.0277010576213
8.50888632719	-0.0276364586333
8.51214915798	-0.0275720356183
8.51541198877	-0.0275077880276
8.51867481957	-0.0274437153147
8.52193765036	-0.0273798169345
8.52520048115	-0.0273160923444
8.52846331195	-0.0272525410031
8.53172614274	-0.0271891623717
8.53498897354	-0.027125955913
8.53825180433	-0.0270629210916
8.54151463512	-0.0270000573742
8.54477746592	-0.026937364229
8.54804029671	-0.0268748411265
8.55130312751	-0.0268124875387
8.5545659583	-0.0267503029396
8.55782878909	-0.0266882868051
8.56109161989	-0.0266264386128
8.56435445068	-0.0265647578422
8.56761728148	-0.0265032439746
8.57088011227	-0.0264418964931
8.57414294306	-0.0263807148827
8.57740577386	-0.0263196986299
8.58066860465	-0.0262588472235
8.58393143545	-0.0261981601535
8.58719426624	-0.0261376369121
8.59045709703	-0.0260772769932
8.59371992783	-0.0260170798922
8.59698275862	-0.0259570451066
8.60024558941	-0.0258971721354
8.60350842021	-0.0258374604795
8.606771251	-0.0257779096415
8.6100340818	-0.0257185191256
8.61329691259	-0.0256592884379
8.61655974338	-0.0256002170861
8.61982257418	-0.0255413045797
8.62308540497	-0.0254825504298
8.62634823577	-0.0254239541493
8.62961106656	-0.0253655152526
8.63287389735	-0.025307233256
8.63613672815	-0.0252491076774
8.63939955894	-0.0251911380364
8.64266238974	-0.0251333238541
8.64592522053	-0.0250756646534
8.64918805132	-0.025018159959
8.65245088212	-0.0249608092968
8.65571371291	-0.0249036121949
8.6589765437	-0.0248465681825
8.6622393745	-0.0247896767907
8.66550220529	-0.0247329375523
8.66876503609	-0.0246763500016
8.67202786688	-0.0246199136743
8.67529069767	-0.0245636281081
8.67855352847	-0.024507492842
8.68181635926	-0.0244515074168
8.68507919006	-0.0243956713746
8.68834202085	-0.0243399842593
8.69160485164	-0.0242844456164
8.69486768244	-0.0242290549927
8.69813051323	-0.0241738119369
8.70139334403	-0.0241187159989
8.70465617482	-0.0240637667306
8.70791900561	-0.0240089636849
8.71118183641	-0.0239543064166
8.7144446672	-0.0238997944819
8.717707498	-0.0238454274387
8.72097032879	-0.023791204846
8.72423315958	-0.0237371262648
8.72749599038	-0.0236831912573
8.73075882117	-0.0236293993873
8.73402165196	-0.0235757502201
8.73728448276	-0.0235222433224
8.74054731355	-0.0234688782625
8.74381014435	-0.02341565461
8.74707297514	-0.0233625719363
8.75033580593	-0.0233096298138
8.75359863673	-0.0232568278169
8.75686146752	-0.0232041655209
8.76012429832	-0.023151642503
8.76338712911	-0.0230992583417
8.7666499599	-0.0230470126167
8.7699127907	-0.0229949049094
8.77317562149	-0.0229429348026
8.77643845229	-0.0228911018806
8.77970128308	-0.0228394057287
8.78296411387	-0.0227878459342
8.78622694467	-0.0227364220853
8.78948977546	-0.0226851337719
8.79275260626	-0.0226339805852
8.79601543705	-0.0225829621178
8.79927826784	-0.0225320779636
8.80254109864	-0.0224813277181
8.80580392943	-0.0224307109779
8.80906676022	-0.0223802273411
8.81232959102	-0.0223298764073
8.81559242181	-0.0222796577772
8.81885525261	-0.022229571053
8.8221180834	-0.0221796158382
8.82538091419	-0.0221297917376
8.82864374499	-0.0220800983576
8.83190657578	-0.0220305353055
8.83516940658	-0.0219811021904
8.83843223737	-0.0219317986222
8.84169506816	-0.0218826242127
8.84495789896	-0.0218335785745
8.84822072975	-0.0217846613217
8.85148356055	-0.0217358720699
8.85474639134	-0.0216872104357
8.85800922213	-0.0216386760372
8.86127205293	-0.0215902684936
8.86453488372	-0.0215419874255
8.86779771451	-0.0214938324548
8.87106054531	-0.0214458032047
8.8743233761	-0.0213978992995
8.8775862069	-0.0213501203649
8.88084903769	-0.0213024660278
8.88411186848	-0.0212549359165
8.88737469928	-0.0212075296603
8.89063753007	-0.0211602468899
8.89390036087	-0.0211130872373
8.89716319166	-0.0210660503357
8.90042602245	-0.0210191358193
8.90368885325	-0.0209723433239
8.90695168404	-0.0209256724862
8.91021451484	-0.0208791229443
8.91347734563	-0.0208326943375
8.91674017642	-0.0207863863063
8.92000300722	-0.0207401984923
8.92326583801	-0.0206941305384
8.92652866881	-0.0206481820887
8.9297914996	-0.0206023527885
8.93305433039	-0.0205566422842
8.93631716119	-0.0205110502235
8.93957999198	-0.0204655762551
8.94284282277	-0.0204202200291
8.94610565357	-0.0203749811966
8.94936848436	-0.0203298594099
8.95263131516	-0.0202848543225
8.95589414595	-0.020239965589
8.95915697674	-0.0201951928653
8.96241980754	-0.0201505358082
8.96568263833	-0.0201059940758
8.96894546913	-0.0200615673274
8.97220829992	-0.0200172552233
8.97547113071	-0.019973057425
8.97873396151	-0.019928973595
8.9819967923	-0.0198850033972
8.9852596231	-0.0198411464963
8.98852245389	-0.0197974025583
8.99178528468	-0.0197537712503
8.99504811548	-0.0197102522404
8.99831094627	-0.019666845198
9.00157377706	-0.0196235497934
9.00483660786	-0.019580365698
9.00809943865	-0.0195372925845
9.01136226945	-0.0194943301264
9.01462510024	-0.0194514779985
9.01788793103	-0.0194087358766
9.02115076183	-0.0193661034376
9.02441359262	-0.0193235803593
9.02767642342	-0.0192811663209
9.03093925421	-0.0192388610023
9.034202085	-0.0191966640847
9.0374649158	-0.0191545752503
9.04072774659	-0.0191125941823
9.04399057739	-0.0190707205649
9.04725340818	-0.0190289540836
9.05051623897	-0.0189872944245
9.05377906977	-0.0189457412753
9.05704190056	-0.0189042943242
9.06030473136	-0.0188629532606
9.06356756215	-0.0188217177752
9.06683039294	-0.0187805875593
9.07009322374	-0.0187395623055
9.07335605453	-0.0186986417072
9.07661888532	-0.0186578254591
9.07988171612	-0.0186171132565
9.08314454691	-0.0185765047962
9.08640737771	-0.0185359997755
9.0896702085	-0.0184955978931
9.09293303929	-0.0184552988483
9.09619587009	-0.0184151023418
9.09945870088	-0.0183750080749
9.10272153168	-0.0183350157503
9.10598436247	-0.0182951250711
9.10924719326	-0.018255335742
9.11251002406	-0.0182156474683
9.11577285485	-0.0181760599562
9.11903568565	-0.0181365729131
9.12229851644	-0.0180971860473
9.12556134723	-0.018057899068
9.12882417803	-0.0180187116853
9.13208700882	-0.0179796236103
9.13534983962	-0.0179406345551
9.13861267041	-0.0179017442327
9.1418755012	-0.0178629523571
9.145138332	-0.017824258643
9.14840116279	-0.0177856628063
9.15166399358	-0.0177471645637
9.15492682438	-0.0177087636328
9.15818965517	-0.0176704597323
9.16145248597	-0.0176322525815
9.16471531676	-0.017594141901
9.16797814755	-0.0175561274119
9.17124097835	-0.0175182088366
9.17450380914	-0.0174803858981
9.17776663994	-0.0174426583204
9.18102947073	-0.0174050258285
9.18429230152	-0.0173674881482
9.18755513232	-0.0173300450062
9.19081796311	-0.01729269613
9.19408079391	-0.0172554412481
9.1973436247	-0.0172182800899
9.20060645549	-0.0171812123857
9.20386928629	-0.0171442378664
9.20713211708	-0.0171073562642
9.21039494787	-0.0170705673117
9.21365777867	-0.0170338707429
9.21692060946	-0.0169972662921
9.22018344026	-0.0169607536949
9.22344627105	-0.0169243326875
9.22670910184	-0.0168880030071
9.22997193264	-0.0168517643916
9.23323476343	-0.01681561658
9.23649759423	-0.0167795593118
9.23976042502	-0.0167435923277
9.24302325581	-0.0167077153689
9.24628608661	-0.0166719281776
9.2495489174	-0.016636230497
9.2528117482	-0.0166006220707
9.25607457899	-0.0165651026436
9.25933740978	-0.016529671961
9.26260024058	-0.0164943297694
9.26586307137	-0.0164590758159
9.26912590217	-0.0164239098484
9.27238873296	-0.0163888316156
9.27565156375	-0.0163538408673
9.27891439455	-0.0163189373536
9.28217722534	-0.0162841208259
9.28544005613	-0.016249391036
9.28870288693	-0.0162147477368
9.29196571772	-0.0161801906818
9.29522854852	-0.0161457196254
9.29849137931	-0.0161113343228
9.3017542101	-0.0160770345298
9.3050170409	-0.0160428200032
9.30827987169	-0.0160086905004
9.31154270249	-0.0159746457798
9.31480553328	-0.0159406856004
9.31806836407	-0.015906809722
9.32133119487	-0.0158730179052
9.32459402566	-0.0158393099114
9.32785685646	-0.0158056855026
9.33111968725	-0.0157721444417
9.33438251804	-0.0157386864924
9.33764534884	-0.0157053114191
9.34090817963	-0.0156720189868
9.34417101043	-0.0156388089615
9.34743384122	-0.0156056811099
9.35069667201	-0.0155726351992
9.35395950281	-0.0155396709977
9.3572223336	-0.0155067882741
9.36048516439	-0.0154739867982
9.36374799519	-0.0154412663401
9.36701082598	-0.015408626671
9.37027365678	-0.0153760675627
9.37353648757	-0.0153435887877
9.37679931836	-0.0153111901192
9.38006214916	-0.0152788713312
9.38332497995	-0.0152466321984
9.38658781075	-0.0152144724961
9.38985064154	-0.0151823920005
9.39311347233	-0.0151503904885
9.39637630313	-0.0151184677374
9.39963913392	-0.0150866235256
9.40290196472	-0.015054857632
9.40616479551	-0.0150231698363
9.4094276263	-0.0149915599187
9.4126904571	-0.0149600276604
9.41595328789	-0.0149285728429
9.41921611868	-0.0148971952489
9.42247894948	-0.0148658946613
9.42574178027	-0.0148346708639
9.42900461107	-0.0148035236413
9.43226744186	-0.0147724527786
9.43553027265	-0.0147414580616
9.43879310345	-0.0147105392769
9.44205593424	-0.0146796962115
9.44531876504	-0.0146489286535
9.44858159583	-0.0146182363913
9.45184442662	-0.014587619214
9.45510725742	-0.0145570769117
9.45837008821	-0.0145266092747
9.46163291901	-0.0144962160943
9.4648957498	-0.0144658971624
9.46815858059	-0.0144356522713
9.47142141139	-0.0144054812143
9.47468424218	-0.0143753837851
9.47794707298	-0.0143453597783
9.48120990377	-0.0143154089889
9.48447273456	-0.0142855312126
9.48773556536	-0.0142557262458
9.49099839615	-0.0142259938856
9.49426122694	-0.0141963339295
9.49752405774	-0.014166746176
9.50078688853	-0.0141372304239
9.50404971933	-0.0141077864728
9.50731255012	-0.0140784141228
9.51057538091	-0.0140491131748
9.51383821171	-0.0140198834302
9.5171010425	-0.013990724691
9.5203638733	-0.01396163676
9.52362670409	-0.0139326194405
9.52688953488	-0.0139036725362
9.53015236568	-0.0138747958519
9.53341519647	-0.0138459891926
9.53667802727	-0.013817252364
9.53994085806	-0.0137885851725
9.54320368885	-0.013759987425
9.54646651965	-0.0137314589292
9.54972935044	-0.0137029994931
9.55299218123	-0.0136746089256
9.55625501203	-0.0136462870359
9.55951784282	-0.0136180336341
9.56278067362	-0.0135898485306
9.56604350441	-0.0135617315366
9.5693063352	-0.0135336824639
9.572569166	-0.0135057011247
9.57583199679	-0.0134777873319
9.57909482759	-0.0134499408989
9.58235765838	-0.01342216164
9.58562048917	-0.0133944493695
9.58888331997	-0.0133668039029
9.59214615076	-0.0133392250558
9.59540898156	-0.0133117126446
9.59867181235	-0.0132842664862
9.60193464314	-0.0132568863982
9.60519747394	-0.0132295721985
9.60846030473	-0.0132023237058
9.61172313553	-0.0131751407393
9.61498596632	-0.0131480231187
9.61824879711	-0.0131209706644
9.62151162791	-0.0130939831971
9.6247744587	-0.0130670605383
9.62803728949	-0.01304020251
9.63130012029	-0.0130134089346
9.63456295108	-0.0129866796353
9.63782578188	-0.0129600144357
9.64108861267	-0.0129334131599
9.64435144346	-0.0129068756326
9.64761427426	-0.012880401679
9.65087710505	-0.012853991125
9.65413993585	-0.0128276437969
9.65740276664	-0.0128013595215
9.66066559743	-0.0127751381262
9.66392842823	-0.0127489794389
9.66719125902	-0.0127228832881
9.67045408982	-0.0126968495028
9.67371692061	-0.0126708779124
9.6769797514	-0.012644968347
9.6802425822	-0.0126191206372
9.68350541299	-0.012593334614
9.68676824379	-0.0125676101091
9.69003107458	-0.0125419469545
9.69329390537	-0.0125163449829
9.69655673617	-0.0124908040274
9.69981956696	-0.0124653239217
9.70308239775	-0.0124399044999
9.70634522855	-0.0124145455968
9.70960805934	-0.0123892470474
9.71287089014	-0.0123640086876
9.71613372093	-0.0123388303534
9.71939655172	-0.0123137118816
9.72265938252	-0.0122886531094
9.72592221331	-0.0122636538745
9.72918504411	-0.012238714015
9.7324478749	-0.0122138333697
9.73571070569	-0.0121890117777
9.73897353649	-0.0121642490787
9.74223636728	-0.0121395451129
9.74549919808	-0.0121148997209
9.74876202887	-0.0120903127439
9.75202485966	-0.0120657840234
9.75528769046	-0.0120413134016
9.75855052125	-0.0120169007211
9.76181335204	-0.0119925458249
9.76507618284	-0.0119682485566
9.76833901363	-0.0119440087602
9.77160184443	-0.0119198262803
9.77486467522	-0.0118957009617
9.77812750601	-0.0118716326499
9.78139033681	-0.0118476211909
9.7846531676	-0.011823666431
9.7879159984	-0.0117997682171
9.79117882919	-0.0117759263965
9.79444165998	-0.011752140817
9.79770449078	-0.0117284113268
9.80096732157	-0.0117047377746
9.80423015237	-0.0116811200097
9.80749298316	-0.0116575578815
9.81075581395	-0.0116340512403
9.81401864475	-0.0116105999366
9.81728147554	-0.0115872038212
9.82054430634	-0.0115638627458
9.82380713713	-0.0115405765621
9.82706996792	-0.0115173451225
9.83033279872	-0.0114941682798
9.83359562951	-0.0114710458872
9.8368584603	-0.0114479777985
9.8401212911	-0.0114249638676
9.84338412189	-0.0114020039493
9.84664695269	-0.0113790978984
9.84990978348	-0.0113562455705
9.85317261427	-0.0113334468214
9.85643544507	-0.0113107015074
9.85969827586	-0.0112880094852
9.86296110666	-0.0112653706121
9.86622393745	-0.0112427847457
9.86948676824	-0.0112202517439
9.87274959904	-0.0111977714653
9.87601242983	-0.0111753437688
9.87927526063	-0.0111529685136
9.88253809142	-0.0111306455595
9.88580092221	-0.0111083747668
9.88906375301	-0.0110861559959
9.8923265838	-0.0110639891078
9.8955894146	-0.0110418739641
9.89885224539	-0.0110198104265
9.90211507618	-0.0109977983573
9.90537790698	-0.0109758376192
9.90864073777	-0.0109539280753
9.91190356856	-0.0109320695889
9.91516639936	-0.0109102620242
9.91842923015	-0.0108885052453
9.92169206095	-0.0108667991169
9.92495489174	-0.0108451435043
9.92821772253	-0.010823538273
9.93148055333	-0.0108019832888
9.93474338412	-0.0107804784181
9.93800621492	-0.0107590235277
9.94126904571	-0.0107376184846
9.9445318765	-0.0107162631565
9.9477947073	-0.0106949574112
9.95105753809	-0.010673701117
9.95432036889	-0.0106524941428
9.95758319968	-0.0106313363576
9.96084603047	-0.0106102276308
9.96410886127	-0.0105891678324
9.96737169206	-0.0105681568327
9.97063452285	-0.0105471945024
9.97389735365	-0.0105262807124
9.97716018444	-0.0105054153343
9.98042301524	-0.0104845982398
9.98368584603	-0.0104638293011
9.98694867682	-0.0104431083909
9.99021150762	-0.0104224353821
9.99347433841	-0.010401810148
9.99673716921	-0.0103812325624
10.0	-0.0103607024994
10.0032628308	-0.0103402198334
10.0112723241	-0.0102901398276
10.0192818174	-0.0102403428358
10.0272913108	-0.0101908270297
10.0353008041	-0.010141590594
10.0433102974	-0.0100926317268
10.0513197907	-0.0100439486392
10.0593292841	-0.00999553955537
10.0673387774	-0.00994740271218
10.0753482707	-0.00989953635941
10.083357764	-0.00985193875946
10.0913672574	-0.0098046081873
10.0993767507	-0.00975754293034
10.107386244	-0.00971074128839
10.1153957373	-0.0096642015735
10.1234052307	-0.00961792210987
10.131414724	-0.0095719012338
10.1394242173	-0.00952613729353
10.1474337106	-0.0094806286492
10.155443204	-0.00943537367271
10.1634526973	-0.00939037074766
10.1714621906	-0.00934561826923
10.1794716839	-0.00930111464412
10.1874811773	-0.00925685829041
10.1954906706	-0.00921284763752
10.2035001639	-0.00916908112608
10.2115096572	-0.00912555720788
10.2195191506	-0.00908227434574
10.2275286439	-0.00903923101346
10.2355381372	-0.0089964256957
10.2435476305	-0.00895385688791
10.2515571239	-0.00891152309625
10.2595666172	-0.00886942283751
10.2675761105	-0.00882755463899
10.2755856038	-0.00878591703846
10.2835950972	-0.00874450858405
10.2916045905	-0.00870332783419
10.2996140838	-0.0086623733575
10.3076235771	-0.00862164373275
10.3156330705	-0.00858113754872
10.3236425638	-0.0085408534042
10.3316520571	-0.00850078990784
10.3396615504	-0.00846094567812
10.3476710438	-0.00842131934323
10.3556805371	-0.00838190954105
10.3636900304	-0.00834271491902
10.3716995237	-0.00830373413411
10.3797090171	-0.0082649658527
10.3877185104	-0.00822640875054
10.3957280037	-0.00818806151267
10.403737497	-0.00814992283334
10.4117469904	-0.00811199141596
10.4197564837	-0.00807426597298
10.427765977	-0.00803674522588
10.4357754703	-0.00799942790506
10.4437849637	-0.00796231274979
10.451794457	-0.0079253985081
10.4598039503	-0.0078886839368
10.4678134436	-0.00785216780131
10.475822937	-0.00781584887567
10.4838324303	-0.00777972594242
10.4918419236	-0.00774379779259
10.4998514169	-0.00770806322557
10.5078609103	-0.00767252104909
10.5158704036	-0.00763717007915
10.5238798969	-0.00760200913995
10.5318893902	-0.00756703706382
10.5398988836	-0.00753225269117
10.5479083769	-0.00749765487041
10.5559178702	-0.00746324245792
10.5639273635	-0.00742901431796
10.5719368569	-0.00739496932261
10.5799463502	-0.00736110635174
10.5879558435	-0.00732742429291
10.5959653368	-0.00729392204135
10.6039748302	-0.00726059849986
10.6119843235	-0.0072274525788
10.6199938168	-0.00719448319598
10.6280033101	-0.00716168927664
10.6360128035	-0.0071290697534
10.6440222968	-0.00709662356617
10.6520317901	-0.00706434966211
10.6600412834	-0.00703224699558
10.6680507768	-0.00700031452808
10.6760602701	-0.00696855122822
10.6840697634	-0.0069369560716
10.6920792567	-0.00690552804083
10.7000887501	-0.00687426612546
10.7080982434	-0.00684316932188
10.7161077367	-0.00681223663332
10.72411723	-0.00678146706979
10.7321267234	-0.00675085964801
10.7401362167	-0.00672041339137
10.74814571	-0.00669012732988
10.7561552033	-0.00666000050013
10.7641646967	-0.00663003194522
10.77217419	-0.00660022071471
10.7801836833	-0.00657056586461
10.7881931767	-0.00654106645728
10.79620267	-0.00651172156141
10.8042121633	-0.00648253025199
10.8122216566	-0.00645349161022
10.82023115	-0.00642460472348
10.8282406433	-0.00639586868532
10.8362501366	-0.00636728259535
10.8442596299	-0.00633884555924
10.8522691233	-0.00631055668866
10.8602786166	-0.00628241510126
10.8682881099	-0.00625441992056
10.8762976032	-0.00622657027599
10.8843070966	-0.00619886530278
10.8923165899	-0.00617130414195
10.9003260832	-0.00614388594026
10.9083355765	-0.00611660985017
10.9163450699	-0.00608947502979
10.9243545632	-0.00606248064283
10.9323640565	-0.0060356258586
10.9403735498	-0.00600890985191
10.9483830432	-0.00598233180308
10.9563925365	-0.00595589089786
10.9644020298	-0.00592958632743
10.9724115231	-0.00590341728831
10.9804210165	-0.00587738298236
10.9884305098	-0.00585148261675
10.9964400031	-0.00582571540388
11.0044494964	-0.00580008056134
11.0124589898	-0.00577457731194
11.0204684831	-0.00574920488359
11.0284779764	-0.00572396250932
11.0364874697	-0.00569884942719
11.0444969631	-0.00567386488031
11.0525064564	-0.00564900811677
11.0605159497	-0.0056242783896
11.068525443	-0.00559967495675
11.0765349364	-0.00557519708106
11.0845444297	-0.00555084403018
11.092553923	-0.0055266150766
11.1005634163	-0.00550250949756
11.1085729097	-0.00547852657504
11.116582403	-0.00545466559573
11.1245918963	-0.00543092585099
11.1326013896	-0.00540730663679
11.140610883	-0.00538380725372
11.1486203763	-0.00536042700695
11.1566298696	-0.00533716520615
11.1646393629	-0.00531402116552
11.1726488563	-0.0052909942037
11.1806583496	-0.0052680836438
11.1886678429	-0.00524528881331
11.1966773362	-0.00522260904409
11.2046868296	-0.00520004367235
11.2126963229	-0.00517759203862
11.2207058162	-0.00515525348767
11.2287153095	-0.00513302736857
11.2367248029	-0.00511091303455
11.2447342962	-0.00508890984308
11.2527437895	-0.00506701715574
11.2607532828	-0.00504523433826
11.2687627762	-0.00502356076047
11.2767722695	-0.00500199579626
11.2847817628	-0.00498053882354
11.2927912561	-0.00495918922427
11.3008007495	-0.00493794638435
11.3088102428	-0.00491680969364
11.3168197361	-0.00489577854596
11.3248292294	-0.00487485233897
11.3328387228	-0.00485403047424
11.3408482161	-0.00483331235715
11.3488577094	-0.00481269739692
11.3568672027	-0.00479218500654
11.3648766961	-0.00477177460276
11.3728861894	-0.00475146560605
11.3808956827	-0.00473125744062
11.388905176	-0.00471114953432
11.3969146694	-0.00469114131868
11.4049241627	-0.00467123222883
11.412933656	-0.00465142170353
11.4209431493	-0.00463170918511
11.4289526427	-0.00461209411942
11.436962136	-0.00459257595588
11.4449716293	-0.00457315414737
11.4529811226	-0.00455382815028
11.460990616	-0.00453459742442
11.4690001093	-0.00451546143306
11.4770096026	-0.00449641964284
11.4850190959	-0.00447747152379
11.4930285893	-0.00445861654931
11.5010380826	-0.0044398541961
11.5090475759	-0.0044211839442
11.5170570692	-0.00440260527692
11.5250665626	-0.00438411768083
11.5330760559	-0.00436572064573
11.5410855492	-0.00434741366466
11.5490950425	-0.00432919623383
11.5571045359	-0.00431106785263
11.5651140292	-0.00429302802361
11.5731235225	-0.00427507625242
11.5811330158	-0.00425721204784
11.5891425092	-0.00423943492172
11.5971520025	-0.00422174438898
11.6051614958	-0.00420413996757
11.6131709891	-0.00418662117847
11.6211804825	-0.00416918754565
11.6291899758	-0.00415183859606
11.6371994691	-0.00413457385961
11.6452089624	-0.00411739286914
11.6532184558	-0.0041002951604
11.6612279491	-0.00408328027207
11.6692374424	-0.00406634774565
11.6772469357	-0.00404949712555
11.6852564291	-0.00403272795897
11.6932659224	-0.00401603979596
11.7012754157	-0.00399943218935
11.709284909	-0.00398290469476
11.7172944024	-0.00396645687054
11.7253038957	-0.00395008827781
11.733313389	-0.0039337984804
11.7413228823	-0.00391758704484
11.7493323757	-0.00390145354034
11.757341869	-0.00388539753877
11.7653513623	-0.00386941861467
11.7733608556	-0.00385351634518
11.781370349	-0.00383769031007
11.7893798423	-0.00382194009169
11.7973893356	-0.00380626527496
11.8053988289	-0.00379066544737
11.8134083223	-0.00377514019895
11.8214178156	-0.00375968912223
11.8294273089	-0.00374431181228
11.8374368022	-0.00372900786662
11.8454462956	-0.00371377688527
11.8534557889	-0.00369861847069
11.8614652822	-0.00368353222777
11.8694747755	-0.00366851776383
11.8774842689	-0.0036535746886
11.8854937622	-0.00363870261418
11.8935032555	-0.00362390115506
11.9015127488	-0.00360916992807
11.9095222422	-0.00359450855239
11.9175317355	-0.00357991664951
11.9255412288	-0.00356539384325
11.9335507221	-0.00355093975969
11.9415602155	-0.00353655402722
11.9495697088	-0.00352223627646
11.9575792021	-0.00350798614031
11.9655886954	-0.00349380325386
11.9735981888	-0.00347968725445
11.9816076821	-0.00346563778161
11.9896171754	-0.00345165447704
11.9976266687	-0.00343773698463
12.0056361621	-0.00342388495041
12.0136456554	-0.00341009802258
12.0216551487	-0.00339637585144
12.029664642	-0.00338271808942
12.0376741354	-0.00336912439102
12.0456836287	-0.00335559441287
12.053693122	-0.00334212781363
12.0617026153	-0.00332872425403
12.0697121087	-0.00331538339687
12.077721602	-0.00330210490694
12.0857310953	-0.00328888845106
12.0937405886	-0.00327573369806
12.101750082	-0.00326264031875
12.1097595753	-0.00324960798592
12.1177690686	-0.00323663637433
12.1257785619	-0.00322372516068
12.1337880553	-0.00321087402359
12.1417975486	-0.00319808264365
12.1498070419	-0.00318535070331
12.1578165352	-0.00317267788696
12.1658260286	-0.00316006388084
12.1738355219	-0.00314750837308
12.1818450152	-0.00313501105368
12.1898545085	-0.00312257161448
12.1978640019	-0.00311018974914
12.2058734952	-0.00309786515318
12.2138829885	-0.00308559752389
12.2218924818	-0.00307338656038
12.2299019752	-0.00306123196357
12.2379114685	-0.00304913343611
12.2459209618	-0.00303709068245
12.2539304551	-0.00302510340878
12.2619399485	-0.00301317132303
12.2699494418	-0.00300129413487
12.2779589351	-0.00298947155567
12.2859684284	-0.00297770329852
12.2939779218	-0.00296598907821
12.3019874151	-0.00295432861121
12.3099969084	-0.00294272161565
12.3180064017	-0.00293116781134
12.3260158951	-0.00291966691974
12.3340253884	-0.00290821866394
12.3420348817	-0.00289682276868
12.350044375	-0.00288547896029
12.3580538684	-0.00287418696675
12.3660633617	-0.00286294651759
12.374072855	-0.00285175734396
12.3820823483	-0.00284061917859
12.3900918417	-0.00282953175576
12.398101335	-0.00281849481131
12.4061108283	-0.00280750808264
12.4141203216	-0.00279657130868
12.422129815	-0.00278568422987
12.4301393083	-0.0027748465882
12.4381488016	-0.00276405812715
12.4461582949	-0.00275331859169
12.4541677883	-0.00274262772828
12.4621772816	-0.00273198528487
12.4701867749	-0.00272139101087
12.4781962682	-0.00271084465716
12.4862057616	-0.00270034597604
12.4942152549	-0.00268989472129
12.5022247482	-0.00267949064808
12.5102342415	-0.00266913351304
12.5182437349	-0.00265882307419
12.5262532282	-0.00264855909096
12.5342627215	-0.00263834132416
12.5422722148	-0.00262816953602
12.5502817082	-0.0026180434901
12.5582912015	-0.00260796295137
12.5663006948	-0.00259792768613
12.5743101881	-0.00258793746205
12.5823196815	-0.00257799204812
12.5903291748	-0.00256809121468
12.5983386681	-0.00255823473339
12.6063481614	-0.00254842237722
12.6143576548	-0.00253865392046
12.6223671481	-0.00252892913869
12.6303766414	-0.00251924780877
12.6383861347	-0.00250960970886
12.6463956281	-0.00250001461839
12.6544051214	-0.00249046231805
12.6624146147	-0.0024809525898
12.670424108	-0.00247148521683
12.6784336014	-0.00246205998359
12.6864430947	-0.00245267667575
12.694452588	-0.00244333508023
12.7024620813	-0.00243403498514
12.7104715747	-0.00242477617982
12.718481068	-0.0024155584548
12.7264905613	-0.00240638160182
12.7345000546	-0.00239724541379
12.742509548	-0.00238814968481
12.7505190413	-0.00237909421016
12.7585285346	-0.00237007878627
12.7665380279	-0.00236110321074
12.7745475213	-0.00235216728232
12.7825570146	-0.00234327080089
12.7905665079	-0.00233441356749
12.7985760012	-0.00232559538426
12.8065854946	-0.00231681605449
12.8145949879	-0.00230807538256
12.8226044812	-0.00229937317398
12.8306139745	-0.00229070923534
12.8386234679	-0.00228208337435
12.8466329612	-0.00227349539978
12.8546424545	-0.00226494512149
12.8626519478	-0.00225643235042
12.8706614412	-0.00224795689857
12.8786709345	-0.002239518579
12.8866804278	-0.00223111720583
12.8946899211	-0.00222275259422
12.9026994145	-0.00221442456037
12.9107089078	-0.00220613292152
12.9187184011	-0.00219787749594
12.9267278944	-0.00218965810289
12.9347373878	-0.00218147456269
12.9427468811	-0.00217332669665
12.9507563744	-0.00216521432706
12.9587658677	-0.00215713727723
12.9667753611	-0.00214909537147
12.9747848544	-0.00214108843503
12.9827943477	-0.00213311629419
12.990803841	-0.00212517877616
12.9988133344	-0.00211727570913
13.0068228277	-0.00210940692225
13.014832321	-0.00210157224564
13.0228418143	-0.00209377151032
13.0308513077	-0.0020860045483
13.038860801	-0.00207827119251
13.0468702943	-0.00207057127679
13.0548797876	-0.00206290463593
13.062889281	-0.00205527110563
13.0708987743	-0.00204767052249
13.0789082676	-0.00204010272405
13.0869177609	-0.0020325675487
13.0949272543	-0.00202506483578
13.1029367476	-0.00201759442549
13.1109462409	-0.00201015615891
13.1189557342	-0.00200274987801
13.1269652276	-0.00199537542565
13.1349747209	-0.00198803264553
13.1429842142	-0.00198072138223
13.1509937075	-0.00197344148117
13.1590032009	-0.00196619278866
13.1670126942	-0.00195897515181
13.1750221875	-0.00195178841861
13.1830316808	-0.00194463243787
13.1910411742	-0.00193750705924
13.1990506675	-0.00193041213318
13.2070601608	-0.00192334751099
13.2150696541	-0.00191631304478
13.2230791475	-0.00190930858747
13.2310886408	-0.0019023339928
13.2390981341	-0.00189538911529
13.2471076274	-0.00188847381027
13.2551171208	-0.00188158793387
13.2631266141	-0.00187473134299
13.2711361074	-0.00186790389532
13.2791456007	-0.00186110544933
13.2871550941	-0.00185433586426
13.2951645874	-0.00184759500013
13.3031740807	-0.0018408827177
13.311183574	-0.00183419887851
13.3191930674	-0.00182754334485
13.3272025607	-0.00182091597976
13.335212054	-0.00181431664702
13.3432215473	-0.00180774521115
13.3512310407	-0.00180120153741
13.359240534	-0.0017946854918
13.3672500273	-0.00178819694104
13.3752595206	-0.00178173575257
13.383269014	-0.00177530179455
13.3912785073	-0.00176889493586
13.3992880006	-0.00176251504609
13.4072974939	-0.00175616199554
13.4153069873	-0.00174983565518
13.4233164806	-0.00174353589673
13.4313259739	-0.00173726259256
13.4393354672	-0.00173101561575
13.4473449606	-0.00172479484006
13.4553544539	-0.00171860013993
13.4633639472	-0.00171243139047
13.4713734405	-0.00170628846748
13.4793829339	-0.00170017124742
13.4873924272	-0.00169407960741
13.4954019205	-0.00168801342523
13.5034114138	-0.00168197257933
13.5114209072	-0.0016759569488
13.5194304005	-0.00166996641338
13.5274398938	-0.00166400085346
13.5354493871	-0.00165806015008
13.5434588805	-0.00165214418489
13.5514683738	-0.0016462528402
13.5594778671	-0.00164038599895
13.5674873604	-0.00163454354468
13.5754968538	-0.00162872536158
13.5835063471	-0.00162293133444
13.5915158404	-0.00161716134867
13.5995253337	-0.00161141529031
13.6075348271	-0.00160569304599
13.6155443204	-0.00159999450293
13.6235538137	-0.00159431954898
13.631563307	-0.00158866807257
13.6395728004	-0.00158303996273
13.6475822937	-0.00157743510908
13.655591787	-0.00157185340182
13.6636012803	-0.00156629473173
13.6716107737	-0.00156075899019
13.679620267	-0.00155524606914
13.6876297603	-0.00154975586109
13.6956392536	-0.00154428825913
13.703648747	-0.00153884315691
13.7116582403	-0.00153342044864
13.7196677336	-0.00152802002911
13.7276772269	-0.00152264179363
13.7356867203	-0.00151728563809
13.7436962136	-0.00151195145892
13.7517057069	-0.0015066391531
13.7597152002	-0.00150134861816
13.7677246936	-0.00149607975215
13.7757341869	-0.00149083245367
13.7837436802	-0.00148560662187
13.7917531735	-0.00148040215639
13.7997626669	-0.00147521895743
13.8077721602	-0.00147005692571
13.8157816535	-0.00146491596246
13.8237911468	-0.00145979596943
13.8318006402	-0.00145469684891
13.8398101335	-0.00144961850366
13.8478196268	-0.00144456083698
13.8558291201	-0.00143952375267
13.8638386135	-0.00143450715504
13.8718481068	-0.00142951094887
13.8798576001	-0.00142453503948
13.8878670934	-0.00141957933266
13.8958765868	-0.00141464373469
13.9038860801	-0.00140972815235
13.9118955734	-0.00140483249289
13.9199050667	-0.00139995666407
13.9279145601	-0.00139510057411
13.9359240534	-0.00139026413171
13.9439335467	-0.00138544724605
13.95194304	-0.00138064982677
13.9599525334	-0.00137587178401
13.9679620267	-0.00137111302834
13.97597152	-0.00136637347082
13.9839810133	-0.00136165302295
13.9919905067	-0.00135695159671
14.0	-0.00135226910452
Mass
    4.002600000E+00
Element
He
Bond Pattern
null  
Base Charge 
    0.0000000000E+00
Polarizability
    0.0000000000E+00
Force Field Name
TwoBody       
Atom Names
He        
none      
none      
none                         
Number of Bonded Terms
           0         
Number of Angle Terms
           0         
Number of Torsion Terms
           0
Number of Improper Terms
           0
Number of Angle-Angle Terms
           0
Number of One-Five Types
           0
Number of Bond Increments
           0
